G01 2022  62          24517 GPS  -53.687 -53.687 -53.687 
G01 2022  62          24518 GPS  -53.700 -53.694 -0.000 
G01 2022  62          24519 GPS  -53.711 -53.699 -0.000 
G01 2022  62          24520 GPS  -53.716 -53.704 -0.000 
G01 2022  62          24521 GPS  -53.720 -53.707 -0.000 
G01 2022  62          24522 GPS  -53.723 -53.709 -0.000 
G01 2022  62          24523 GPS  -53.728 -53.712 -0.000 
G01 2022  62          24524 GPS  -53.729 -53.714 -0.000 
G01 2022  62          24525 GPS  -53.732 -53.716 -0.000 
G01 2022  62          24526 GPS  -53.729 -53.717 -0.000 
G01 2022  62          24527 GPS  -53.725 -53.718 -0.000 
G01 2022  62          24528 GPS  -53.729 -53.719 -0.000 
G01 2022  62          24529 GPS  -53.723 -53.719 -0.000 
G01 2022  62          24530 GPS  -53.717 -53.719 -0.000 
G01 2022  62          24531 GPS  -53.720 -53.719 -0.000 
G01 2022  62          24532 GPS  -53.727 -53.720 -0.000 
G01 2022  62          24533 GPS  -53.717 -53.720 -0.000 
G01 2022  62          24534 GPS  -53.714 -53.719 -0.000 
G01 2022  62          24535 GPS  -53.717 -53.719 -0.000 
G01 2022  62          24536 GPS  -53.719 -53.719 -0.000 
G01 2022  62          24537 GPS  -53.717 -53.719 -0.000 
G01 2022  62          24538 GPS  -53.717 -53.719 -0.000 
G01 2022  62          24539 GPS  -53.717 -53.719 -0.000 
G01 2022  62          24540 GPS  -53.719 -53.719 -0.000 
G01 2022  62          24541 GPS  -53.711 -53.719 -0.000 
G01 2022  62          24542 GPS  -53.702 -53.718 -0.000 
G01 2022  62          24543 GPS  -53.697 -53.717 -0.000 
G01 2022  62          24544 GPS  -53.693 -53.716 -0.000 
G01 2022  62          24545 GPS  -53.691 -53.715 -0.000 
G01 2022  62          24546 GPS  -53.690 -53.715 -0.000 
G01 2022  62          24547 GPS  -53.704 -53.714 -0.000 
G01 2022  62          24548 GPS  -53.710 -53.714 -0.000 
G01 2022  62          24549 GPS  -53.717 -53.714 -0.000 
G01 2022  62          24550 GPS  -53.727 -53.715 -0.000 
G01 2022  62          24551 GPS  -53.725 -53.715 -0.000 
G01 2022  62          24552 GPS  -53.716 -53.715 -0.000 
G01 2022  62          24553 GPS  -53.724 -53.715 -0.000 
G01 2022  62          24554 GPS  -53.731 -53.716 -0.000 
G01 2022  62          24555 GPS  -53.722 -53.716 -0.000 
G01 2022  62          24556 GPS  -53.727 -53.716 -0.000 
G01 2022  62          24557 GPS  -53.729 -53.716 -0.000 
G01 2022  62          24558 GPS  -53.735 -53.717 -0.000 
G01 2022  62          24559 GPS  -53.730 -53.717 -0.000 
G01 2022  62          24560 GPS  -53.719 -53.717 -0.000 
G01 2022  62          24561 GPS  -53.709 -53.717 -0.000 
G01 2022  62          24562 GPS  -53.713 -53.717 -0.000 
G01 2022  62          24563 GPS  -53.727 -53.717 -0.000 
G01 2022  62          24564 GPS  -53.732 -53.717 -0.000 
G01 2022  62          24565 GPS  -53.745 -53.718 -0.000 
G01 2022  62          24566 GPS  -53.760 -53.719 -0.000 
G01 2022  62          24567 GPS  -53.762 -53.720 -0.000 
G01 2022  62          24568 GPS  -53.777 -53.721 -0.000 
G01 2022  62          24569 GPS  -53.786 -53.722 -0.000 
G01 2022  62          24570 GPS  -53.781 -53.723 -0.000 
G01 2022  62          24571 GPS  -53.784 -53.724 -0.000 
G01 2022  62          24572 GPS  -53.796 -53.725 -0.000 
G01 2022  62          24573 GPS  -53.803 -53.727 -0.000 
G01 2022  62          24574 GPS  -53.829 -53.729 -0.000 
G01 2022  62          24575 GPS  -53.845 -53.731 -0.000 
G01 2022  62          24576 GPS  -53.853 -53.733 -0.000 
G01 2022  62          24577 GPS  -53.854 -53.735 -0.000 
G01 2022  62          24578 GPS  -53.855 -53.737 -0.000 
G01 2022  62          24579 GPS  -53.853 -53.738 -0.000 
G01 2022  62          24580 GPS  -53.847 -53.740 -0.000 
G01 2022  62          24581 GPS  -53.855 -53.742 -0.000 
G01 2022  62          24582 GPS  -53.850 -53.744 -0.000 
G01 2022  62          24583 GPS  -53.851 -53.745 -0.000 
G01 2022  62          24584 GPS  -53.852 -53.747 -0.000 
G01 2022  62          24585 GPS  -53.860 -53.748 -0.000 
G01 2022  62          24586 GPS  -53.867 -53.750 -0.000 
G01 2022  62          24587 GPS  -53.873 -53.752 -0.000 
G01 2022  62          24588 GPS  -53.876 -53.753 -0.000 
G01 2022  62          24589 GPS  -53.879 -53.755 -0.000 
G01 2022  62          24590 GPS  -53.884 -53.757 -0.000 
G01 2022  62          24591 GPS  -53.890 -53.759 -0.000 
G01 2022  62          24592 GPS  -53.879 -53.760 -0.000 
G01 2022  62          24593 GPS  -53.881 -53.762 -0.000 
G01 2022  62          24594 GPS  -53.864 -53.763 -0.000 
G01 2022  62          24595 GPS  -53.864 -53.764 -0.000 
G01 2022  62          24596 GPS  -53.862 -53.766 -0.000 
G01 2022  62          24597 GPS  -53.857 -53.767 -0.000 
G01 2022  62          24598 GPS  -53.855 -53.768 -0.000 
G01 2022  62          24599 GPS  -53.847 -53.769 -0.000 
G01 2022  62          24600 GPS  -53.843 -53.770 -0.000 
G01 2022  62          24601 GPS  -53.841 -53.771 -0.000 
G01 2022  62          24602 GPS  -53.845 -53.771 -0.000 
G01 2022  62          24603 GPS  -53.855 -53.772 -0.000 
G01 2022  62          24604 GPS  -53.857 -53.773 -0.000 
G01 2022  62          24605 GPS  -53.858 -53.774 -0.000 
G01 2022  62          24606 GPS  -53.860 -53.775 -0.000 
G01 2022  62          24607 GPS  -53.863 -53.776 -0.000 
G01 2022  62          24608 GPS  -53.874 -53.777 -0.000 
G01 2022  62          24609 GPS  -53.869 -53.778 -0.000 
G01 2022  62          24610 GPS  -53.872 -53.779 -0.000 
G01 2022  62          24611 GPS  -53.871 -53.780 -0.000 
G01 2022  62          24612 GPS  -53.870 -53.781 -0.000 
G01 2022  62          24613 GPS  -53.873 -53.782 -0.000 
G01 2022  62          24614 GPS  -53.876 -53.783 -0.000 
G01 2022  62          24615 GPS  -53.874 -53.784 -0.000 
G01 2022  62          24616 GPS  -53.869 -53.785 -0.000 
G01 2022  62          24617 GPS  -53.871 -53.786 -0.000 
G01 2022  62          24618 GPS  -53.873 -53.787 -0.000 
G01 2022  62          24619 GPS  -53.878 -53.787 -0.000 
G01 2022  62          24620 GPS  -53.883 -53.788 -0.000 
G01 2022  62          24621 GPS  -53.878 -53.789 -0.000 
G01 2022  62          24622 GPS  -53.882 -53.790 -0.000 
G01 2022  62          24623 GPS  -53.879 -53.791 -0.000 
G01 2022  62          24624 GPS  -53.874 -53.792 -0.000 
G01 2022  62          24625 GPS  -53.869 -53.792 -0.000 
G01 2022  62          24626 GPS  -53.870 -53.793 -0.000 
G01 2022  62          24627 GPS  -53.870 -53.794 -0.000 
G01 2022  62          24628 GPS  -53.871 -53.795 -0.000 
G01 2022  62          24629 GPS  -53.873 -53.795 -0.000 
G01 2022  62          24630 GPS  -53.865 -53.796 -0.000 
G01 2022  62          24631 GPS  -53.861 -53.796 -0.000 
G01 2022  62          24632 GPS  -53.868 -53.797 -0.000 
G01 2022  62          24633 GPS  -53.876 -53.798 -0.000 
G01 2022  62          24634 GPS  -53.886 -53.798 -0.000 
G01 2022  62          24635 GPS  -53.883 -53.799 -0.000 
G01 2022  62          24636 GPS  -53.881 -53.800 -0.000 
G01 2022  62          24637 GPS  -53.880 -53.800 -0.000 
G01 2022  62          24638 GPS  -53.874 -53.801 -0.000 
G01 2022  62          24639 GPS  -53.868 -53.802 -0.000 
G01 2022  62          24640 GPS  -53.869 -53.802 -0.000 
G01 2022  62          24641 GPS  -53.872 -53.803 -0.000 
G01 2022  62          24642 GPS  -53.877 -53.803 -0.000 
G01 2022  62          24643 GPS  -53.885 -53.804 -0.000 
G01 2022  62          24644 GPS  -53.884 -53.805 -0.000 
G01 2022  62          24645 GPS  -53.898 -53.805 -0.000 
G01 2022  62          24646 GPS  -53.897 -53.806 -0.000 
G01 2022  62          24647 GPS  -53.893 -53.807 -0.000 
G01 2022  62          24648 GPS  -53.884 -53.807 -0.000 
G01 2022  62          24649 GPS  -53.874 -53.808 -0.000 
G01 2022  62          24650 GPS  -53.872 -53.808 -0.000 
G01 2022  62          24651 GPS  -53.864 -53.809 -0.000 
G01 2022  62          24652 GPS  -53.878 -53.809 -0.000 
G01 2022  62          24653 GPS  -53.881 -53.810 -0.000 
G01 2022  62          24654 GPS  -53.894 -53.810 -0.000 
G01 2022  62          24655 GPS  -53.902 -53.811 -0.000 
G01 2022  62          24656 GPS  -53.904 -53.812 -0.000 
G01 2022  62          24657 GPS  -53.902 -53.812 -0.000 
G01 2022  62          24658 GPS  -53.905 -53.813 -0.000 
G01 2022  62          24659 GPS  -53.896 -53.814 -0.000 
G01 2022  62          24660 GPS  -53.883 -53.814 -0.000 
G01 2022  62          24661 GPS  -53.875 -53.814 -0.000 
G01 2022  62          24662 GPS  -53.874 -53.815 -0.000 
G01 2022  62          24663 GPS  -53.880 -53.815 -0.000 
G01 2022  62          24664 GPS  -53.881 -53.816 -0.000 
G01 2022  62          24665 GPS  -53.891 -53.816 -0.000 
G01 2022  62          24666 GPS  -53.892 -53.817 -0.000 
G01 2022  62          24667 GPS  -53.895 -53.817 -0.000 
G01 2022  62          24668 GPS  -53.891 -53.818 -0.000 
G01 2022  62          24669 GPS  -53.885 -53.818 -0.000 
G01 2022  62          24670 GPS  -53.888 -53.819 -0.000 
G01 2022  62          24671 GPS  -53.886 -53.819 -0.000 
G01 2022  62          24672 GPS  -53.891 -53.820 -0.000 
G01 2022  62          24673 GPS  -53.894 -53.820 -0.000 
G01 2022  62          24674 GPS  -53.887 -53.820 -0.000 
G01 2022  62          24675 GPS  -53.885 -53.821 -0.000 
G01 2022  62          24676 GPS  -53.874 -53.821 -0.000 
G01 2022  62          24677 GPS  -53.873 -53.821 -0.000 
G01 2022  62          24678 GPS  -53.869 -53.822 -0.000 
G01 2022  62          24679 GPS  -53.867 -53.822 -0.000 
G01 2022  62          24680 GPS  -53.869 -53.822 -0.000 
G01 2022  62          24681 GPS  -53.869 -53.823 -0.000 
G01 2022  62          24682 GPS  -53.868 -53.823 -0.000 
G01 2022  62          24683 GPS  -53.856 -53.823 -0.000 
G01 2022  62          24684 GPS  -53.859 -53.823 -0.000 
G01 2022  62          24685 GPS  -53.861 -53.824 -0.000 
G01 2022  62          24686 GPS  -53.862 -53.824 -0.000 
G01 2022  62          24687 GPS  -53.861 -53.824 -0.000 
G01 2022  62          24688 GPS  -53.865 -53.824 -0.000 
G01 2022  62          24689 GPS  -53.879 -53.825 -0.000 
G01 2022  62          24690 GPS  -53.882 -53.825 -0.000 
G01 2022  62          24691 GPS  -53.889 -53.825 -0.000 
G01 2022  62          24692 GPS  -53.893 -53.826 -0.000 
G01 2022  62          24693 GPS  -53.894 -53.826 -0.000 
G01 2022  62          24694 GPS  -53.891 -53.826 -0.000 
G01 2022  62          24695 GPS  -53.886 -53.827 -0.000 
G01 2022  62          24696 GPS  -53.885 -53.827 -0.000 
G01 2022  62          24697 GPS  -53.889 -53.827 -0.000 
G01 2022  62          24698 GPS  -53.890 -53.828 -0.000 
G01 2022  62          24699 GPS  -53.884 -53.828 -0.000 
G01 2022  62          24700 GPS  -53.875 -53.828 -0.000 
G01 2022  62          24701 GPS  -53.870 -53.828 -0.000 
G01 2022  62          24702 GPS  -53.866 -53.829 -0.000 
G01 2022  62          24703 GPS  -53.865 -53.829 -0.000 
G01 2022  62          24704 GPS  -53.871 -53.829 -0.000 
G01 2022  62          24705 GPS  -53.883 -53.829 -0.000 
G01 2022  62          24706 GPS  -53.897 -53.830 -0.000 
G01 2022  62          24707 GPS  -53.903 -53.830 -0.000 
G01 2022  62          24708 GPS  -53.901 -53.830 -0.000 
G01 2022  62          24709 GPS  -53.902 -53.831 -0.000 
G01 2022  62          24710 GPS  -53.893 -53.831 -0.000 
G01 2022  62          24711 GPS  -53.881 -53.831 -0.000 
G01 2022  62          24712 GPS  -53.875 -53.832 -0.000 
G01 2022  62          24713 GPS  -53.872 -53.832 -0.000 
G01 2022  62          24714 GPS  -53.876 -53.832 -0.000 
G01 2022  62          24715 GPS  -53.873 -53.832 -0.000 
G01 2022  62          24716 GPS  -53.862 -53.832 -0.000 
G01 2022  62          24717 GPS  -53.869 -53.833 -0.000 
G01 2022  62          24718 GPS  -53.876 -53.833 -0.000 
G01 2022  62          24719 GPS  -53.879 -53.833 -0.000 
G01 2022  62          24720 GPS  -53.863 -53.833 -0.000 
G01 2022  62          24721 GPS  -53.862 -53.833 -0.000 
G01 2022  62          24722 GPS  -53.857 -53.833 -0.000 
G01 2022  62          24723 GPS  -53.855 -53.834 -0.000 
G01 2022  62          24724 GPS  -53.872 -53.834 -0.000 
G01 2022  62          24725 GPS  -53.881 -53.834 -0.000 
G01 2022  62          24726 GPS  -53.886 -53.834 -0.000 
G01 2022  62          24727 GPS  -53.888 -53.834 -0.000 
G01 2022  62          24728 GPS  -53.883 -53.835 -0.000 
G01 2022  62          24729 GPS  -53.877 -53.835 -0.000 
G01 2022  62          24730 GPS  -53.875 -53.835 -0.000 
G01 2022  62          24731 GPS  -53.869 -53.835 -0.000 
G01 2022  62          24732 GPS  -53.878 -53.835 -0.000 
G01 2022  62          24733 GPS  -53.886 -53.836 -0.000 
G01 2022  62          24734 GPS  -53.879 -53.836 -0.000 
G01 2022  62          24735 GPS  -53.879 -53.836 -0.000 
G01 2022  62          24736 GPS  -53.872 -53.836 -0.000 
G01 2022  62          24737 GPS  -53.875 -53.836 -0.000 
G01 2022  62          24738 GPS  -53.869 -53.837 -0.000 
G01 2022  62          24739 GPS  -53.874 -53.837 -0.000 
G01 2022  62          24740 GPS  -53.871 -53.837 -0.000 
G01 2022  62          24741 GPS  -53.854 -53.837 -0.000 
G01 2022  62          24742 GPS  -53.843 -53.837 -0.000 
G01 2022  62          24743 GPS  -53.843 -53.837 -0.000 
G01 2022  62          24744 GPS  -53.860 -53.837 -0.000 
G01 2022  62          24745 GPS  -53.867 -53.837 -0.000 
G01 2022  62          24746 GPS  -53.875 -53.837 -0.000 
G01 2022  62          24747 GPS  -53.876 -53.838 -0.000 
G01 2022  62          24748 GPS  -53.879 -53.838 -0.000 
G01 2022  62          24749 GPS  -53.877 -53.838 -0.000 
G01 2022  62          24750 GPS  -53.879 -53.838 -0.000 
G01 2022  62          24751 GPS  -53.869 -53.838 -0.000 
G01 2022  62          24752 GPS  -53.873 -53.838 -0.000 
G01 2022  62          24753 GPS  -53.880 -53.839 -0.000 
G01 2022  62          24754 GPS  -53.885 -53.839 -0.000 
G01 2022  62          24755 GPS  -53.882 -53.839 -0.000 
G01 2022  62          24756 GPS  -53.878 -53.839 -0.000 
G01 2022  62          24757 GPS  -53.887 -53.839 -0.000 
G01 2022  62          24758 GPS  -53.892 -53.840 -0.000 
G01 2022  62          24759 GPS  -53.883 -53.840 -0.000 
G01 2022  62          24760 GPS  -53.868 -53.840 -0.000 
G01 2022  62          24761 GPS  -53.865 -53.840 -0.000 
G01 2022  62          24762 GPS  -53.867 -53.840 -0.000 
G01 2022  62          24763 GPS  -53.862 -53.840 -0.000 
G01 2022  62          24764 GPS  -53.867 -53.840 -0.000 
G01 2022  62          24765 GPS  -53.870 -53.840 -0.000 
G01 2022  62          24766 GPS  -53.885 -53.841 -0.000 
G01 2022  62          24767 GPS  -53.898 -53.841 -0.000 
G01 2022  62          24768 GPS  -53.900 -53.841 -0.000 
G01 2022  62          24769 GPS  -53.891 -53.841 -0.000 
G01 2022  62          24770 GPS  -53.876 -53.841 -0.000 
G01 2022  62          24771 GPS  -53.884 -53.841 -0.000 
G01 2022  62          24772 GPS  -53.865 -53.842 -0.000 
G01 2022  62          24773 GPS  -53.863 -53.842 -0.000 
G01 2022  62          24774 GPS  -53.867 -53.842 -0.000 
G01 2022  62          24775 GPS  -53.860 -53.842 -0.000 
G01 2022  62          24776 GPS  -53.856 -53.842 -0.000 
G01 2022  62          24777 GPS  -53.858 -53.842 -0.000 
G01 2022  62          24778 GPS  -53.860 -53.842 -0.000 
G01 2022  62          24779 GPS  -53.858 -53.842 -0.000 
G01 2022  62          24780 GPS  -53.843 -53.842 -0.000 
G01 2022  62          24781 GPS  -53.831 -53.842 -0.000 
G01 2022  62          24782 GPS  -53.829 -53.842 -0.000 
G01 2022  62          24783 GPS  -53.818 -53.842 -0.000 
G01 2022  62          24784 GPS  -53.806 -53.842 -0.000 
G01 2022  62          24785 GPS  -53.806 -53.842 -0.000 
G01 2022  62          24786 GPS  -53.807 -53.842 -0.000 
G01 2022  62          24787 GPS  -53.808 -53.841 -0.000 
G01 2022  62          24788 GPS  -53.812 -53.841 -0.000 
G01 2022  62          24789 GPS  -53.800 -53.841 -0.000 
G01 2022  62          24790 GPS  -53.808 -53.841 -0.000 
G01 2022  62          24791 GPS  -53.803 -53.841 -0.000 
G01 2022  62          24792 GPS  -53.796 -53.841 -0.000 
G01 2022  62          24793 GPS  -53.793 -53.841 -0.000 
G01 2022  62          24794 GPS  -53.800 -53.840 -0.000 
G01 2022  62          24795 GPS  -53.787 -53.840 -0.000 
G01 2022  62          24796 GPS  -53.785 -53.840 -0.000 
G01 2022  62          24797 GPS  -53.787 -53.840 -0.000 
G01 2022  62          24798 GPS  -53.785 -53.840 -0.000 
G01 2022  62          24799 GPS  -53.784 -53.839 -0.000 
G01 2022  62          24800 GPS  -53.772 -53.839 -0.000 
G01 2022  62          24801 GPS  -53.774 -53.839 -0.000 
G01 2022  62          24802 GPS  -53.782 -53.839 -0.000 
G01 2022  62          24803 GPS  -53.790 -53.839 -0.000 
G01 2022  62          24804 GPS  -53.797 -53.838 -0.000 
G01 2022  62          24805 GPS  -53.798 -53.838 -0.000 
G01 2022  62          24806 GPS  -53.798 -53.838 -0.000 
G01 2022  62          24807 GPS  -53.789 -53.838 -0.000 
G01 2022  62          24808 GPS  -53.800 -53.838 -0.000 
G01 2022  62          24809 GPS  -53.806 -53.838 -0.000 
G01 2022  62          24810 GPS  -53.800 -53.838 -0.000 
G01 2022  62          24811 GPS  -53.804 -53.838 -0.000 
G01 2022  62          24812 GPS  -53.808 -53.837 -0.000 
G01 2022  62          24813 GPS  -53.813 -53.837 -0.000 
G01 2022  62          24814 GPS  -53.818 -53.837 -0.000 
G01 2022  62          24815 GPS  -53.829 -53.837 -0.000 
G01 2022  62          24816 GPS  -53.834 -53.837 -0.000 
G01 2022  62          24817 GPS  -53.826 -53.837 -0.000 
G01 2022  62          24818 GPS  -53.828 -53.837 -0.000 
G01 2022  62          24819 GPS  -53.825 -53.837 -0.000 
G01 2022  62          24820 GPS  -53.825 -53.837 -0.000 
G01 2022  62          24821 GPS  -53.813 -53.837 -0.000 
G01 2022  62          24822 GPS  -53.811 -53.837 -0.000 
G01 2022  62          24823 GPS  -53.810 -53.837 -0.000 
G01 2022  62          24824 GPS  -53.824 -53.837 -0.000 
G01 2022  62          24825 GPS  -53.830 -53.837 -0.000 
G01 2022  62          24826 GPS  -53.827 -53.837 -0.000 
G01 2022  62          24827 GPS  -53.828 -53.837 -0.000 
G01 2022  62          24828 GPS  -53.836 -53.837 -0.000 
G01 2022  62          24829 GPS  -53.850 -53.837 -0.000 
G01 2022  62          24830 GPS  -53.848 -53.837 -0.000 
G01 2022  62          24831 GPS  -53.856 -53.837 -0.000 
G01 2022  62          24832 GPS  -53.855 -53.837 -0.000 
G01 2022  62          24833 GPS  -53.858 -53.837 -0.000 
G01 2022  62          24834 GPS  -53.866 -53.837 -0.000 
G01 2022  62          24835 GPS  -53.872 -53.837 -0.000 
G01 2022  62          24836 GPS  -53.881 -53.837 -0.000 
G01 2022  62          24837 GPS  -53.885 -53.837 -0.000 
G01 2022  62          24838 GPS  -53.889 -53.838 -0.000 
G01 2022  62          24839 GPS  -53.895 -53.838 -0.000 
G01 2022  62          24840 GPS  -53.903 -53.838 -0.000 
G01 2022  62          24841 GPS  -53.904 -53.838 -0.000 
G01 2022  62          24842 GPS  -53.906 -53.838 -0.000 
G01 2022  62          24843 GPS  -53.908 -53.839 -0.000 
G01 2022  62          24844 GPS  -53.913 -53.839 -0.000 
G01 2022  62          24845 GPS  -53.906 -53.839 -0.000 
G01 2022  62          24846 GPS  -53.899 -53.839 -0.000 
G01 2022  62          24847 GPS  -53.892 -53.839 -0.000 
G01 2022  62          24848 GPS  -53.895 -53.840 -0.000 
G01 2022  62          24849 GPS  -53.886 -53.840 -0.000 
G01 2022  62          24850 GPS  -53.890 -53.840 -0.000 
G01 2022  62          24851 GPS  -53.901 -53.840 -0.000 
G01 2022  62          24852 GPS  -53.905 -53.840 -0.000 
G01 2022  62          24853 GPS  -53.906 -53.840 -0.000 
G01 2022  62          24854 GPS  -53.915 -53.841 -0.000 
G01 2022  62          24855 GPS  -53.916 -53.841 -0.000 
G01 2022  62          24856 GPS  -53.928 -53.841 -0.000 
G01 2022  62          24857 GPS  -53.943 -53.841 -0.000 
G01 2022  62          24858 GPS  -53.958 -53.842 -0.000 
G01 2022  62          24859 GPS  -53.968 -53.842 -0.000 
G01 2022  62          24860 GPS  -53.972 -53.843 -0.000 
G01 2022  62          24861 GPS  -53.966 -53.843 -0.000 
G01 2022  62          24862 GPS  -53.968 -53.843 -0.000 
G01 2022  62          24863 GPS  -53.972 -53.844 -0.000 
G01 2022  62          24864 GPS  -53.970 -53.844 -0.000 
G01 2022  62          24865 GPS  -53.975 -53.844 -0.000 
G01 2022  62          24866 GPS  -53.976 -53.845 -0.000 
G01 2022  62          24867 GPS  -53.976 -53.845 -0.000 
G01 2022  62          24868 GPS  -53.978 -53.845 -0.000 
G01 2022  62          24869 GPS  -53.974 -53.846 -0.000 
G01 2022  62          24870 GPS  -53.975 -53.846 -0.000 
G01 2022  62          24871 GPS  -53.979 -53.847 -0.000 
G01 2022  62          24872 GPS  -53.982 -53.847 -0.000 
G01 2022  62          24873 GPS  -53.982 -53.847 -0.000 
G01 2022  62          24874 GPS  -53.977 -53.848 -0.000 
G01 2022  62          24875 GPS  -53.985 -53.848 -0.000 
G01 2022  62          24876 GPS  -53.989 -53.848 -0.000 
G01 2022  62          24877 GPS  -53.986 -53.849 -0.000 
G01 2022  62          24878 GPS  -53.986 -53.849 -0.000 
G01 2022  62          24879 GPS  -53.986 -53.850 -0.000 
G01 2022  62          24880 GPS  -53.989 -53.850 -0.000 
G01 2022  62          24881 GPS  -53.991 -53.850 -0.000 
G01 2022  62          24882 GPS  -53.986 -53.851 -0.000 
G01 2022  62          24883 GPS  -53.983 -53.851 -0.000 
G01 2022  62          24884 GPS  -53.982 -53.851 -0.000 
G01 2022  62          24885 GPS  -53.980 -53.852 -0.000 
G01 2022  62          24886 GPS  -53.980 -53.852 -0.000 
G01 2022  62          24887 GPS  -53.979 -53.852 -0.000 
G01 2022  62          24888 GPS  -53.981 -53.853 -0.000 
G01 2022  62          24889 GPS  -53.979 -53.853 -0.000 
G01 2022  62          24890 GPS  -53.971 -53.853 -0.000 
G01 2022  62          24891 GPS  -53.953 -53.854 -0.000 
G01 2022  62          24892 GPS  -53.953 -53.854 -0.000 
G01 2022  62          24893 GPS  -53.953 -53.854 -0.000 
G01 2022  62          24894 GPS  -53.946 -53.855 -0.000 
G01 2022  62          24895 GPS  -53.938 -53.855 -0.000 
G01 2022  62          24896 GPS  -53.938 -53.855 -0.000 
G01 2022  62          24897 GPS  -53.949 -53.855 -0.000 
G01 2022  62          24898 GPS  -53.958 -53.855 -0.000 
G01 2022  62          24899 GPS  -53.950 -53.856 -0.000 
G01 2022  62          24900 GPS  -53.954 -53.856 -0.000 
G01 2022  62          24901 GPS  -53.953 -53.856 -0.000 
G01 2022  62          24902 GPS  -53.946 -53.856 -0.000 
G01 2022  62          24903 GPS  -53.944 -53.857 -0.000 
G01 2022  62          24904 GPS  -53.938 -53.857 -0.000 
G01 2022  62          24905 GPS  -53.926 -53.857 -0.000 
G01 2022  62          24906 GPS  -53.915 -53.857 -0.000 
G01 2022  62          24907 GPS  -53.913 -53.857 -0.000 
G01 2022  62          24908 GPS  -53.920 -53.858 -0.000 
G01 2022  62          24909 GPS  -53.918 -53.858 -0.000 
G01 2022  62          24910 GPS  -53.910 -53.858 -0.000 
G01 2022  62          24911 GPS  -53.914 -53.858 -0.000 
G01 2022  62          24912 GPS  -53.911 -53.858 -0.000 
G01 2022  62          24913 GPS  -53.909 -53.858 -0.000 
G01 2022  62          24914 GPS  -53.908 -53.858 -0.000 
G01 2022  62          24915 GPS  -53.899 -53.858 -0.000 
G01 2022  62          24916 GPS  -53.893 -53.859 -0.000 
G01 2022  62          24917 GPS  -53.882 -53.859 -0.000 
G01 2022  62          24918 GPS  -53.875 -53.859 -0.000 
G01 2022  62          24919 GPS  -53.878 -53.859 -0.000 
G01 2022  62          24920 GPS  -53.881 -53.859 -0.000 
G01 2022  62          24921 GPS  -53.877 -53.859 -0.000 
G01 2022  62          24922 GPS  -53.885 -53.859 -0.000 
G01 2022  62          24923 GPS  -53.884 -53.859 -0.000 
G01 2022  62          24924 GPS  -53.887 -53.859 -0.000 
G01 2022  62          24925 GPS  -53.898 -53.859 -0.000 
G01 2022  62          24926 GPS  -53.903 -53.859 -0.000 
G01 2022  62          24927 GPS  -53.910 -53.859 -0.000 
G01 2022  62          24928 GPS  -53.913 -53.859 -0.000 
G01 2022  62          24929 GPS  -53.918 -53.860 -0.000 
G01 2022  62          24930 GPS  -53.921 -53.860 -0.000 
G01 2022  62          24931 GPS  -53.916 -53.860 -0.000 
G01 2022  62          24932 GPS  -53.918 -53.860 -0.000 
G01 2022  62          24933 GPS  -53.930 -53.860 -0.000 
G01 2022  62          24934 GPS  -53.928 -53.860 -0.000 
G01 2022  62          24935 GPS  -53.929 -53.860 -0.000 
G01 2022  62          24936 GPS  -53.936 -53.861 -0.000 
G01 2022  62          24937 GPS  -53.941 -53.861 -0.000 
G01 2022  62          24938 GPS  -53.956 -53.861 -0.000 
G01 2022  62          24939 GPS  -53.953 -53.861 -0.000 
G01 2022  62          24940 GPS  -53.947 -53.862 -0.000 
G01 2022  62          24941 GPS  -53.937 -53.862 -0.000 
G01 2022  62          24942 GPS  -53.938 -53.862 -0.000 
G01 2022  62          24943 GPS  -53.944 -53.862 -0.000 
G01 2022  62          24944 GPS  -53.950 -53.862 -0.000 
G01 2022  62          24945 GPS  -53.950 -53.862 -0.000 
G01 2022  62          24946 GPS  -53.952 -53.863 -0.000 
G01 2022  62          24947 GPS  -53.957 -53.863 -0.000 
G01 2022  62          24948 GPS  -53.960 -53.863 -0.000 
G01 2022  62          24949 GPS  -53.960 -53.863 -0.000 
G01 2022  62          24950 GPS  -53.962 -53.864 -0.000 
G01 2022  62          24951 GPS  -53.958 -53.864 -0.000 
G01 2022  62          24952 GPS  -53.950 -53.864 -0.000 
G01 2022  62          24953 GPS  -53.955 -53.864 -0.000 
G01 2022  62          24954 GPS  -53.959 -53.864 -0.000 
G01 2022  62          24955 GPS  -53.951 -53.865 -0.000 
G01 2022  62          24956 GPS  -53.948 -53.865 -0.000 
G01 2022  62          24957 GPS  -53.941 -53.865 -0.000 
G01 2022  62          24958 GPS  -53.942 -53.865 -0.000 
G01 2022  62          24959 GPS  -53.937 -53.865 -0.000 
G01 2022  62          24960 GPS  -53.937 -53.865 -0.000 
G01 2022  62          24961 GPS  -53.935 -53.866 -0.000 
G01 2022  62          24962 GPS  -53.927 -53.866 -0.000 
G01 2022  62          24963 GPS  -53.929 -53.866 -0.000 
G01 2022  62          24964 GPS  -53.928 -53.866 -0.000 
G01 2022  62          24965 GPS  -53.934 -53.866 -0.000 
G01 2022  62          24966 GPS  -53.940 -53.866 -0.000 
G01 2022  62          24967 GPS  -53.946 -53.867 -0.000 
G01 2022  62          24968 GPS  -53.945 -53.867 -0.000 
G01 2022  62          24969 GPS  -53.939 -53.867 -0.000 
G01 2022  62          24970 GPS  -53.948 -53.867 -0.000 
G01 2022  62          24971 GPS  -53.956 -53.867 -0.000 
G01 2022  62          24972 GPS  -53.961 -53.867 -0.000 
G01 2022  62          24973 GPS  -53.976 -53.868 -0.000 
G01 2022  62          24974 GPS  -53.991 -53.868 -0.000 
G01 2022  62          24975 GPS  -53.993 -53.868 -0.000 
G01 2022  62          24976 GPS  -53.996 -53.869 -0.000 
G01 2022  62          24977 GPS  -53.991 -53.869 -0.000 
G01 2022  62          24978 GPS  -53.983 -53.869 -0.000 
G01 2022  62          24979 GPS  -53.976 -53.869 -0.000 
G01 2022  62          24980 GPS  -53.960 -53.869 -0.000 
G01 2022  62          24981 GPS  -53.957 -53.870 -0.000 
G01 2022  62          24982 GPS  -53.942 -53.870 -0.000 
G01 2022  62          24983 GPS  -53.949 -53.870 -0.000 
G01 2022  62          24984 GPS  -53.951 -53.870 -0.000 
G01 2022  62          24985 GPS  -53.950 -53.870 -0.000 
G01 2022  62          24986 GPS  -53.956 -53.870 -0.000 
G01 2022  62          24987 GPS  -53.957 -53.871 -0.000 
G01 2022  62          24988 GPS  -53.960 -53.871 -0.000 
G01 2022  62          24989 GPS  -53.951 -53.871 -0.000 
G01 2022  62          24990 GPS  -53.940 -53.871 -0.000 
G01 2022  62          24991 GPS  -53.930 -53.871 -0.000 
G01 2022  62          24992 GPS  -53.919 -53.871 -0.000 
G01 2022  62          24993 GPS  -53.913 -53.871 -0.000 
G01 2022  62          24994 GPS  -53.903 -53.872 -0.000 
G01 2022  62          24995 GPS  -53.910 -53.872 -0.000 
G01 2022  62          24996 GPS  -53.921 -53.872 -0.000 
G01 2022  62          24997 GPS  -53.919 -53.872 -0.000 
G01 2022  62          24998 GPS  -53.920 -53.872 -0.000 
G01 2022  62          24999 GPS  -53.918 -53.872 -0.000 
G01 2022  62          25000 GPS  -53.906 -53.872 -0.000 
G01 2022  62          25001 GPS  -53.899 -53.872 -0.000 
G01 2022  62          25002 GPS  -53.898 -53.872 -0.000 
G01 2022  62          25003 GPS  -53.893 -53.872 -0.000 
G01 2022  62          25004 GPS  -53.890 -53.872 -0.000 
G01 2022  62          25005 GPS  -53.884 -53.872 -0.000 
G01 2022  62          25006 GPS  -53.890 -53.872 -0.000 
G01 2022  62          25007 GPS  -53.886 -53.872 -0.000 
G01 2022  62          25008 GPS  -53.891 -53.872 -0.000 
G01 2022  62          25009 GPS  -53.886 -53.872 -0.000 
G01 2022  62          25010 GPS  -53.883 -53.872 -0.000 
G01 2022  62          25011 GPS  -53.871 -53.872 -0.000 
G01 2022  62          25012 GPS  -53.859 -53.872 -0.000 
G01 2022  62          25013 GPS  -53.853 -53.872 -0.000 
G01 2022  62          25014 GPS  -53.853 -53.872 -0.000 
G01 2022  62          25015 GPS  -53.856 -53.872 -0.000 
G01 2022  62          25016 GPS  -53.865 -53.872 -0.000 
G01 2022  62          25017 GPS  -53.865 -53.872 -0.000 
G01 2022  62          25018 GPS  -53.862 -53.872 -0.000 
G01 2022  62          25019 GPS  -53.860 -53.872 -0.000 
G01 2022  62          25020 GPS  -53.862 -53.872 -0.000 
G01 2022  62          25021 GPS  -53.864 -53.872 -0.000 
G01 2022  62          25022 GPS  -53.871 -53.872 -0.000 
G01 2022  62          25023 GPS  -53.870 -53.872 -0.000 
G01 2022  62          25024 GPS  -53.867 -53.872 -0.000 
G01 2022  62          25025 GPS  -53.871 -53.872 -0.000 
G01 2022  62          25026 GPS  -53.873 -53.872 -0.000 
G01 2022  62          25027 GPS  -53.883 -53.872 -0.000 
G01 2022  62          25028 GPS  -53.890 -53.872 -0.000 
G01 2022  62          25029 GPS  -53.894 -53.872 -0.000 
G01 2022  62          25030 GPS  -53.897 -53.872 -0.000 
G01 2022  62          25031 GPS  -53.897 -53.872 -0.000 
G01 2022  62          25032 GPS  -53.900 -53.872 -0.000 
G01 2022  62          25033 GPS  -53.899 -53.872 -0.000 
G01 2022  62          25034 GPS  -53.904 -53.873 -0.000 
G01 2022  62          25035 GPS  -53.902 -53.873 -0.000 
G01 2022  62          25036 GPS  -53.898 -53.873 -0.000 
G01 2022  62          25037 GPS  -53.899 -53.873 -0.000 
G01 2022  62          25038 GPS  -53.900 -53.873 -0.000 
G01 2022  62          25039 GPS  -53.900 -53.873 -0.000 
G01 2022  62          25040 GPS  -53.901 -53.873 -0.000 
G01 2022  62          25041 GPS  -53.907 -53.873 -0.000 
G01 2022  62          25042 GPS  -53.903 -53.873 -0.000 
G01 2022  62          25043 GPS  -53.909 -53.873 -0.000 
G01 2022  62          25044 GPS  -53.917 -53.873 -0.000 
G01 2022  62          25045 GPS  -53.929 -53.873 -0.000 
G01 2022  62          25046 GPS  -53.935 -53.873 -0.000 
G01 2022  62          25047 GPS  -53.937 -53.873 -0.000 
G01 2022  62          25048 GPS  -53.944 -53.874 -0.000 
G01 2022  62          25049 GPS  -53.949 -53.874 -0.000 
G01 2022  62          25050 GPS  -53.945 -53.874 -0.000 
G01 2022  62          25051 GPS  -53.952 -53.874 -0.000 
G01 2022  62          25052 GPS  -53.951 -53.874 -0.000 
G01 2022  62          25053 GPS  -53.959 -53.874 -0.000 
G01 2022  62          25054 GPS  -53.959 -53.874 -0.000 
G01 2022  62          25055 GPS  -53.955 -53.875 -0.000 
G01 2022  62          25056 GPS  -53.952 -53.875 -0.000 
G01 2022  62          25057 GPS  -53.953 -53.875 -0.000 
G01 2022  62          25058 GPS  -53.946 -53.875 -0.000 
G01 2022  62          25059 GPS  -53.936 -53.875 -0.000 
G01 2022  62          25060 GPS  -53.921 -53.875 -0.000 
G01 2022  62          25061 GPS  -53.910 -53.875 -0.000 
G01 2022  62          25062 GPS  -53.904 -53.875 -0.000 
G01 2022  62          25063 GPS  -53.903 -53.875 -0.000 
G01 2022  62          25064 GPS  -53.901 -53.875 -0.000 
G01 2022  62          25065 GPS  -53.906 -53.876 -0.000 
G01 2022  62          25066 GPS  -53.909 -53.876 -0.000 
G01 2022  62          25067 GPS  -53.914 -53.876 -0.000 
G01 2022  62          25068 GPS  -53.913 -53.876 -0.000 
G01 2022  62          25069 GPS  -53.912 -53.876 -0.000 
G01 2022  62          25070 GPS  -53.911 -53.876 -0.000 
G01 2022  62          25071 GPS  -53.908 -53.876 -0.000 
G01 2022  62          25072 GPS  -53.890 -53.876 -0.000 
G01 2022  62          25073 GPS  -53.882 -53.876 -0.000 
G01 2022  62          25074 GPS  -53.880 -53.876 -0.000 
G01 2022  62          25075 GPS  -53.874 -53.876 -0.000 
G01 2022  62          25076 GPS  -53.875 -53.876 -0.000 
G01 2022  62          25077 GPS  -53.884 -53.876 -0.000 
G01 2022  62          25078 GPS  -53.891 -53.876 -0.000 
G01 2022  62          25079 GPS  -53.904 -53.876 -0.000 
G01 2022  62          25080 GPS  -53.907 -53.876 -0.000 
G01 2022  62          25081 GPS  -53.916 -53.876 -0.000 
G01 2022  62          25082 GPS  -53.903 -53.876 -0.000 
G01 2022  62          25083 GPS  -53.902 -53.876 -0.000 
G01 2022  62          25084 GPS  -53.903 -53.876 -0.000 
G01 2022  62          25085 GPS  -53.898 -53.876 -0.000 
G01 2022  62          25086 GPS  -53.904 -53.876 -0.000 
G01 2022  62          25087 GPS  -53.905 -53.876 -0.000 
G01 2022  62          25088 GPS  -53.901 -53.876 -0.000 
G01 2022  62          25089 GPS  -53.894 -53.877 -0.000 
G01 2022  62          25090 GPS  -53.888 -53.877 -0.000 
G01 2022  62          25091 GPS  -53.880 -53.877 -0.000 
G01 2022  62          25092 GPS  -53.884 -53.877 -0.000 
G01 2022  62          25093 GPS  -53.886 -53.877 -0.000 
G01 2022  62          25094 GPS  -53.886 -53.877 -0.000 
G01 2022  62          25095 GPS  -53.898 -53.877 -0.000 
G01 2022  62          25096 GPS  -53.901 -53.877 -0.000 
G01 2022  62          25097 GPS  -53.904 -53.877 -0.000 
G01 2022  62          25098 GPS  -53.913 -53.877 -0.000 
G01 2022  62          25099 GPS  -53.911 -53.877 -0.000 
G01 2022  62          25100 GPS  -53.908 -53.877 -0.000 
G01 2022  62          25101 GPS  -53.902 -53.877 -0.000 
G01 2022  62          25102 GPS  -53.901 -53.877 -0.000 
G01 2022  62          25103 GPS  -53.897 -53.877 -0.000 
G01 2022  62          25104 GPS  -53.892 -53.877 -0.000 
G01 2022  62          25105 GPS  -53.897 -53.877 -0.000 
G01 2022  62          25106 GPS  -53.894 -53.877 -0.000 
G01 2022  62          25107 GPS  -53.906 -53.877 -0.000 
G01 2022  62          25108 GPS  -53.910 -53.877 -0.000 
G01 2022  62          25109 GPS  -53.913 -53.877 -0.000 
G01 2022  62          25110 GPS  -53.918 -53.877 -0.000 
G01 2022  62          25111 GPS  -53.911 -53.877 -0.000 
G01 2022  62          25112 GPS  -53.908 -53.877 -0.000 
G01 2022  62          25113 GPS  -53.908 -53.877 -0.000 
G01 2022  62          25114 GPS  -53.909 -53.878 -0.000 
G01 2022  62          25115 GPS  -53.913 -53.878 -0.000 
G01 2022  62          25116 GPS  -53.912 -53.878 -0.000 
G01 2022  62          25117 GPS  -53.919 -53.878 -0.000 
G01 2022  62          25118 GPS  -53.911 -53.878 -0.000 
G01 2022  62          25119 GPS  -53.911 -53.878 -0.000 
G01 2022  62          25120 GPS  -53.905 -53.878 -0.000 
G01 2022  62          25121 GPS  -53.899 -53.878 -0.000 
G01 2022  62          25122 GPS  -53.898 -53.878 -0.000 
G01 2022  62          25123 GPS  -53.893 -53.878 -0.000 
G01 2022  62          25124 GPS  -53.898 -53.878 -0.000 
G01 2022  62          25125 GPS  -53.910 -53.878 -0.000 
G01 2022  62          25126 GPS  -53.912 -53.878 -0.000 
G01 2022  62          25127 GPS  -53.916 -53.878 -0.000 
G01 2022  62          25128 GPS  -53.913 -53.878 -0.000 
G01 2022  62          25129 GPS  -53.914 -53.878 -0.000 
G01 2022  62          25130 GPS  -53.906 -53.878 -0.000 
G01 2022  62          25131 GPS  -53.900 -53.878 -0.000 
G01 2022  62          25132 GPS  -53.905 -53.878 -0.000 
G01 2022  62          25133 GPS  -53.906 -53.878 -0.000 
G01 2022  62          25134 GPS  -53.913 -53.879 -0.000 
G01 2022  62          25135 GPS  -53.928 -53.879 -0.000 
G01 2022  62          25136 GPS  -53.935 -53.879 -0.000 
G01 2022  62          25137 GPS  -53.945 -53.879 -0.000 
G01 2022  62          25138 GPS  -53.952 -53.879 -0.000 
G01 2022  62          25139 GPS  -53.952 -53.879 -0.000 
G01 2022  62          25140 GPS  -53.946 -53.879 -0.000 
G01 2022  62          25141 GPS  -53.941 -53.879 -0.000 
G01 2022  62          25142 GPS  -53.940 -53.879 -0.000 
G01 2022  62          25143 GPS  -53.934 -53.879 -0.000 
G01 2022  62          25144 GPS  -53.933 -53.880 -0.000 
G01 2022  62          25145 GPS  -53.931 -53.880 -0.000 
G01 2022  62          25146 GPS  -53.934 -53.880 -0.000 
G01 2022  62          25147 GPS  -53.943 -53.880 -0.000 
G01 2022  62          25148 GPS  -53.941 -53.880 -0.000 
G01 2022  62          25149 GPS  -53.939 -53.880 -0.000 
G01 2022  62          25150 GPS  -53.942 -53.880 -0.000 
G01 2022  62          25151 GPS  -53.944 -53.880 -0.000 
G01 2022  62          25152 GPS  -53.937 -53.880 -0.000 
G01 2022  62          25153 GPS  -53.931 -53.880 -0.000 
G01 2022  62          25154 GPS  -53.939 -53.880 -0.000 
G01 2022  62          25155 GPS  -53.938 -53.881 -0.000 
G01 2022  62          25156 GPS  -53.936 -53.881 -0.000 
G01 2022  62          25157 GPS  -53.938 -53.881 -0.000 
G01 2022  62          25158 GPS  -53.945 -53.881 -0.000 
G01 2022  62          25159 GPS  -53.955 -53.881 -0.000 
G01 2022  62          25160 GPS  -53.961 -53.881 -0.000 
G01 2022  62          25161 GPS  -53.963 -53.881 -0.000 
G01 2022  62          25162 GPS  -53.961 -53.881 -0.000 
G01 2022  62          25163 GPS  -53.956 -53.881 -0.000 
G01 2022  62          25164 GPS  -53.955 -53.882 -0.000 
G01 2022  62          25165 GPS  -53.951 -53.882 -0.000 
G01 2022  62          25166 GPS  -53.955 -53.882 -0.000 
G01 2022  62          25167 GPS  -53.951 -53.882 -0.000 
G01 2022  62          25168 GPS  -53.957 -53.882 -0.000 
G01 2022  62          25169 GPS  -53.961 -53.882 -0.000 
G01 2022  62          25170 GPS  -53.966 -53.882 -0.000 
G01 2022  62          25171 GPS  -53.967 -53.882 -0.000 
G01 2022  62          25172 GPS  -53.972 -53.882 -0.000 
G01 2022  62          25173 GPS  -53.976 -53.883 -0.000 
G01 2022  62          25174 GPS  -53.978 -53.883 -0.000 
G01 2022  62          25175 GPS  -53.983 -53.883 -0.000 
G01 2022  62          25176 GPS  -53.989 -53.883 -0.000 
G01 2022  62          25177 GPS  -53.991 -53.883 -0.000 
G01 2022  62          25178 GPS  -53.995 -53.883 -0.000 
G01 2022  62          25179 GPS  -53.984 -53.884 -0.000 
G01 2022  62          25180 GPS  -53.975 -53.884 -0.000 
G01 2022  62          25181 GPS  -53.972 -53.884 -0.000 
G01 2022  62          25182 GPS  -53.975 -53.884 -0.000 
G01 2022  62          25183 GPS  -53.977 -53.884 -0.000 
G01 2022  62          25184 GPS  -53.985 -53.884 -0.000 
G01 2022  62          25185 GPS  -53.983 -53.884 -0.000 
G01 2022  62          25186 GPS  -53.979 -53.885 -0.000 
G01 2022  62          25187 GPS  -53.977 -53.885 -0.000 
G01 2022  62          25188 GPS  -53.984 -53.885 -0.000 
G01 2022  62          25189 GPS  -53.997 -53.885 -0.000 
G01 2022  62          25190 GPS  -54.002 -53.885 -0.000 
G01 2022  62          25191 GPS  -53.994 -53.885 -0.000 
G01 2022  62          25192 GPS  -53.991 -53.885 -0.000 
G01 2022  62          25193 GPS  -53.998 -53.886 -0.000 
G01 2022  62          25194 GPS  -54.004 -53.886 -0.000 
G01 2022  62          25195 GPS  -53.996 -53.886 -0.000 
G01 2022  62          25196 GPS  -53.997 -53.886 -0.000 
G01 2022  62          25197 GPS  -53.990 -53.886 -0.000 
G01 2022  62          25198 GPS  -53.981 -53.886 -0.000 
G01 2022  62          25199 GPS  -53.969 -53.887 -0.000 
G01 2022  62          25200 GPS  -53.960 -53.887 -0.000 
