G07 2022  62          24517 GPS  0.595 0.595 0.595 
G07 2022  62          24518 GPS  0.595 0.595 0.000 
G07 2022  62          24519 GPS  0.598 0.596 0.000 
G07 2022  62          24520 GPS  0.608 0.599 0.000 
G07 2022  62          24521 GPS  0.612 0.602 0.000 
G07 2022  62          24522 GPS  0.618 0.604 0.000 
G07 2022  62          24523 GPS  0.619 0.606 0.000 
G07 2022  62          24524 GPS  0.615 0.608 0.000 
G07 2022  62          24525 GPS  0.618 0.609 0.000 
G07 2022  62          24526 GPS  0.620 0.610 0.000 
G07 2022  62          24527 GPS  0.621 0.611 0.000 
G07 2022  62          24528 GPS  0.616 0.611 0.000 
G07 2022  62          24529 GPS  0.615 0.612 0.000 
G07 2022  62          24530 GPS  0.619 0.612 0.000 
G07 2022  62          24531 GPS  0.623 0.613 0.000 
G07 2022  62          24532 GPS  0.626 0.614 0.000 
G07 2022  62          24533 GPS  0.629 0.615 0.000 
G07 2022  62          24534 GPS  0.628 0.615 0.000 
G07 2022  62          24535 GPS  0.628 0.616 0.000 
G07 2022  62          24536 GPS  0.635 0.617 0.000 
G07 2022  62          24537 GPS  0.633 0.618 0.000 
G07 2022  62          24538 GPS  0.632 0.618 0.000 
G07 2022  62          24539 GPS  0.631 0.619 0.000 
G07 2022  62          24540 GPS  0.633 0.619 0.000 
G07 2022  62          24541 GPS  0.650 0.621 0.000 
G07 2022  62          24542 GPS  0.658 0.622 0.000 
G07 2022  62          24543 GPS  0.654 0.623 0.000 
G07 2022  62          24544 GPS  0.653 0.624 0.000 
G07 2022  62          24545 GPS  0.648 0.625 0.000 
G07 2022  62          24546 GPS  0.641 0.626 0.000 
G07 2022  62          24547 GPS  0.636 0.626 0.000 
G07 2022  62          24548 GPS  0.631 0.626 0.000 
G07 2022  62          24549 GPS  0.628 0.626 0.000 
G07 2022  62          24550 GPS  0.636 0.626 0.000 
G07 2022  62          24551 GPS  0.638 0.627 0.000 
G07 2022  62          24552 GPS  0.639 0.627 0.000 
G07 2022  62          24553 GPS  0.641 0.628 0.000 
G07 2022  62          24554 GPS  0.643 0.628 0.000 
G07 2022  62          24555 GPS  0.648 0.628 0.000 
G07 2022  62          24556 GPS  0.648 0.629 0.000 
G07 2022  62          24557 GPS  0.643 0.629 0.000 
G07 2022  62          24558 GPS  0.644 0.630 0.000 
G07 2022  62          24559 GPS  0.642 0.630 0.000 
G07 2022  62          24560 GPS  0.647 0.630 0.000 
G07 2022  62          24561 GPS  0.651 0.631 0.000 
G07 2022  62          24562 GPS  0.651 0.631 0.000 
G07 2022  62          24563 GPS  0.643 0.631 0.000 
G07 2022  62          24564 GPS  0.645 0.632 0.000 
G07 2022  62          24565 GPS  0.641 0.632 0.000 
G07 2022  62          24566 GPS  0.636 0.632 0.000 
G07 2022  62          24567 GPS  0.624 0.632 0.000 
G07 2022  62          24568 GPS  0.617 0.632 0.000 
G07 2022  62          24569 GPS  0.619 0.631 0.000 
G07 2022  62          24570 GPS  0.617 0.631 0.000 
G07 2022  62          24571 GPS  0.615 0.631 0.000 
G07 2022  62          24572 GPS  0.619 0.631 0.000 
G07 2022  62          24573 GPS  0.621 0.630 0.000 
G07 2022  62          24574 GPS  0.620 0.630 0.000 
G07 2022  62          24575 GPS  0.619 0.630 0.000 
G07 2022  62          24576 GPS  0.620 0.630 0.000 
G07 2022  62          24577 GPS  0.615 0.630 0.000 
G07 2022  62          24578 GPS  0.615 0.629 0.000 
G07 2022  62          24579 GPS  0.617 0.629 0.000 
G07 2022  62          24580 GPS  0.620 0.629 0.000 
G07 2022  62          24581 GPS  0.619 0.629 0.000 
G07 2022  62          24582 GPS  0.618 0.629 0.000 
G07 2022  62          24583 GPS  0.621 0.629 0.000 
G07 2022  62          24584 GPS  0.626 0.629 0.000 
G07 2022  62          24585 GPS  0.627 0.629 0.000 
G07 2022  62          24586 GPS  0.626 0.629 0.000 
G07 2022  62          24587 GPS  0.623 0.628 0.000 
G07 2022  62          24588 GPS  0.623 0.628 0.000 
G07 2022  62          24589 GPS  0.625 0.628 0.000 
G07 2022  62          24590 GPS  0.625 0.628 0.000 
G07 2022  62          24591 GPS  0.630 0.628 0.000 
G07 2022  62          24592 GPS  0.634 0.628 0.000 
G07 2022  62          24593 GPS  0.635 0.628 0.000 
G07 2022  62          24594 GPS  0.637 0.629 0.000 
G07 2022  62          24595 GPS  0.630 0.629 0.000 
G07 2022  62          24596 GPS  0.628 0.629 0.000 
G07 2022  62          24597 GPS  0.624 0.629 0.000 
G07 2022  62          24598 GPS  0.620 0.628 0.000 
G07 2022  62          24599 GPS  0.616 0.628 0.000 
G07 2022  62          24600 GPS  0.617 0.628 0.000 
G07 2022  62          24601 GPS  0.622 0.628 0.000 
G07 2022  62          24602 GPS  0.632 0.628 0.000 
G07 2022  62          24603 GPS  0.636 0.628 0.000 
G07 2022  62          24604 GPS  0.636 0.628 0.000 
G07 2022  62          24605 GPS  0.634 0.628 0.000 
G07 2022  62          24606 GPS  0.633 0.628 0.000 
G07 2022  62          24607 GPS  0.630 0.628 0.000 
G07 2022  62          24608 GPS  0.630 0.628 0.000 
G07 2022  62          24609 GPS  0.635 0.629 0.000 
G07 2022  62          24610 GPS  0.635 0.629 0.000 
G07 2022  62          24611 GPS  0.633 0.629 0.000 
G07 2022  62          24612 GPS  0.631 0.629 0.000 
G07 2022  62          24613 GPS  0.623 0.629 0.000 
G07 2022  62          24614 GPS  0.618 0.628 0.000 
G07 2022  62          24615 GPS  0.614 0.628 0.000 
G07 2022  62          24616 GPS  0.609 0.628 0.000 
G07 2022  62          24617 GPS  0.602 0.628 0.000 
G07 2022  62          24618 GPS  0.595 0.628 0.000 
G07 2022  62          24619 GPS  0.589 0.627 0.000 
G07 2022  62          24620 GPS  0.594 0.627 0.000 
G07 2022  62          24621 GPS  0.598 0.627 0.000 
G07 2022  62          24622 GPS  0.594 0.626 0.000 
G07 2022  62          24623 GPS  0.591 0.626 0.000 
G07 2022  62          24624 GPS  0.592 0.626 0.000 
G07 2022  62          24625 GPS  0.591 0.625 0.000 
G07 2022  62          24626 GPS  0.596 0.625 0.000 
G07 2022  62          24627 GPS  0.593 0.625 0.000 
G07 2022  62          24628 GPS  0.589 0.624 0.000 
G07 2022  62          24629 GPS  0.587 0.624 0.000 
G07 2022  62          24630 GPS  0.588 0.624 0.000 
G07 2022  62          24631 GPS  0.589 0.624 0.000 
G07 2022  62          24632 GPS  0.591 0.623 0.000 
G07 2022  62          24633 GPS  0.590 0.623 0.000 
G07 2022  62          24634 GPS  0.580 0.623 0.000 
G07 2022  62          24635 GPS  0.586 0.622 0.000 
G07 2022  62          24636 GPS  0.585 0.622 0.000 
G07 2022  62          24637 GPS  0.578 0.622 0.000 
G07 2022  62          24638 GPS  0.584 0.621 0.000 
G07 2022  62          24639 GPS  0.584 0.621 0.000 
G07 2022  62          24640 GPS  0.584 0.621 0.000 
G07 2022  62          24641 GPS  0.592 0.620 0.000 
G07 2022  62          24642 GPS  0.595 0.620 0.000 
G07 2022  62          24643 GPS  0.599 0.620 0.000 
G07 2022  62          24644 GPS  0.598 0.620 0.000 
G07 2022  62          24645 GPS  0.598 0.620 0.000 
G07 2022  62          24646 GPS  0.604 0.620 0.000 
G07 2022  62          24647 GPS  0.603 0.620 0.000 
G07 2022  62          24648 GPS  0.603 0.619 0.000 
G07 2022  62          24649 GPS  0.597 0.619 0.000 
G07 2022  62          24650 GPS  0.593 0.619 0.000 
G07 2022  62          24651 GPS  0.602 0.619 0.000 
G07 2022  62          24652 GPS  0.610 0.619 0.000 
G07 2022  62          24653 GPS  0.612 0.619 0.000 
G07 2022  62          24654 GPS  0.607 0.619 0.000 
G07 2022  62          24655 GPS  0.614 0.619 0.000 
G07 2022  62          24656 GPS  0.610 0.619 0.000 
G07 2022  62          24657 GPS  0.608 0.619 0.000 
G07 2022  62          24658 GPS  0.601 0.618 0.000 
G07 2022  62          24659 GPS  0.597 0.618 0.000 
G07 2022  62          24660 GPS  0.595 0.618 0.000 
G07 2022  62          24661 GPS  0.593 0.618 0.000 
G07 2022  62          24662 GPS  0.593 0.618 0.000 
G07 2022  62          24663 GPS  0.589 0.618 0.000 
G07 2022  62          24664 GPS  0.589 0.617 0.000 
G07 2022  62          24665 GPS  0.595 0.617 0.000 
G07 2022  62          24666 GPS  0.602 0.617 0.000 
G07 2022  62          24667 GPS  0.607 0.617 0.000 
G07 2022  62          24668 GPS  0.601 0.617 0.000 
G07 2022  62          24669 GPS  0.601 0.617 0.000 
G07 2022  62          24670 GPS  0.598 0.617 0.000 
G07 2022  62          24671 GPS  0.597 0.617 0.000 
G07 2022  62          24672 GPS  0.590 0.616 0.000 
G07 2022  62          24673 GPS  0.592 0.616 0.000 
G07 2022  62          24674 GPS  0.586 0.616 0.000 
G07 2022  62          24675 GPS  0.586 0.616 0.000 
G07 2022  62          24676 GPS  0.585 0.616 0.000 
G07 2022  62          24677 GPS  0.589 0.616 0.000 
G07 2022  62          24678 GPS  0.589 0.615 0.000 
G07 2022  62          24679 GPS  0.586 0.615 0.000 
G07 2022  62          24680 GPS  0.585 0.615 0.000 
G07 2022  62          24681 GPS  0.579 0.615 0.000 
G07 2022  62          24682 GPS  0.578 0.615 0.000 
G07 2022  62          24683 GPS  0.578 0.614 0.000 
G07 2022  62          24684 GPS  0.572 0.614 0.000 
G07 2022  62          24685 GPS  0.566 0.614 0.000 
G07 2022  62          24686 GPS  0.562 0.614 0.000 
G07 2022  62          24687 GPS  0.551 0.613 0.000 
G07 2022  62          24688 GPS  0.544 0.613 0.000 
G07 2022  62          24689 GPS  0.546 0.612 0.000 
G07 2022  62          24690 GPS  0.559 0.612 0.000 
G07 2022  62          24691 GPS  0.566 0.612 0.000 
G07 2022  62          24692 GPS  0.570 0.612 0.000 
G07 2022  62          24693 GPS  0.578 0.611 0.000 
G07 2022  62          24694 GPS  0.578 0.611 0.000 
G07 2022  62          24695 GPS  0.575 0.611 0.000 
G07 2022  62          24696 GPS  0.575 0.611 0.000 
G07 2022  62          24697 GPS  0.570 0.611 0.000 
G07 2022  62          24698 GPS  0.565 0.610 0.000 
G07 2022  62          24699 GPS  0.567 0.610 0.000 
G07 2022  62          24700 GPS  0.567 0.610 0.000 
G07 2022  62          24701 GPS  0.569 0.610 0.000 
G07 2022  62          24702 GPS  0.579 0.609 0.000 
G07 2022  62          24703 GPS  0.583 0.609 0.000 
G07 2022  62          24704 GPS  0.577 0.609 0.000 
G07 2022  62          24705 GPS  0.577 0.609 0.000 
G07 2022  62          24706 GPS  0.578 0.609 0.000 
G07 2022  62          24707 GPS  0.580 0.609 0.000 
G07 2022  62          24708 GPS  0.581 0.608 0.000 
G07 2022  62          24709 GPS  0.587 0.608 0.000 
G07 2022  62          24710 GPS  0.593 0.608 0.000 
G07 2022  62          24711 GPS  0.601 0.608 0.000 
G07 2022  62          24712 GPS  0.603 0.608 0.000 
G07 2022  62          24713 GPS  0.603 0.608 0.000 
G07 2022  62          24714 GPS  0.604 0.608 0.000 
G07 2022  62          24715 GPS  0.605 0.608 0.000 
G07 2022  62          24716 GPS  0.610 0.608 0.000 
G07 2022  62          24717 GPS  0.610 0.608 0.000 
G07 2022  62          24718 GPS  0.609 0.608 0.000 
G07 2022  62          24719 GPS  0.607 0.608 0.000 
G07 2022  62          24720 GPS  0.608 0.608 0.000 
G07 2022  62          24721 GPS  0.608 0.608 0.000 
G07 2022  62          24722 GPS  0.606 0.608 0.000 
G07 2022  62          24723 GPS  0.608 0.608 0.000 
G07 2022  62          24724 GPS  0.600 0.608 0.000 
G07 2022  62          24725 GPS  0.598 0.608 0.000 
G07 2022  62          24726 GPS  0.604 0.608 0.000 
G07 2022  62          24727 GPS  0.609 0.608 0.000 
G07 2022  62          24728 GPS  0.607 0.608 0.000 
G07 2022  62          24729 GPS  0.606 0.608 0.000 
G07 2022  62          24730 GPS  0.607 0.608 0.000 
G07 2022  62          24731 GPS  0.603 0.608 0.000 
G07 2022  62          24732 GPS  0.602 0.608 0.000 
G07 2022  62          24733 GPS  0.597 0.608 0.000 
G07 2022  62          24734 GPS  0.600 0.608 0.000 
G07 2022  62          24735 GPS  0.603 0.608 0.000 
G07 2022  62          24736 GPS  0.604 0.608 0.000 
G07 2022  62          24737 GPS  0.604 0.608 0.000 
G07 2022  62          24738 GPS  0.603 0.608 0.000 
G07 2022  62          24739 GPS  0.604 0.608 0.000 
G07 2022  62          24740 GPS  0.607 0.608 0.000 
G07 2022  62          24741 GPS  0.608 0.608 0.000 
G07 2022  62          24742 GPS  0.610 0.608 0.000 
G07 2022  62          24743 GPS  0.611 0.608 0.000 
G07 2022  62          24744 GPS  0.613 0.608 0.000 
G07 2022  62          24745 GPS  0.616 0.608 0.000 
G07 2022  62          24746 GPS  0.617 0.608 0.000 
G07 2022  62          24747 GPS  0.614 0.608 0.000 
G07 2022  62          24748 GPS  0.609 0.608 0.000 
G07 2022  62          24749 GPS  0.609 0.608 0.000 
G07 2022  62          24750 GPS  0.614 0.608 0.000 
G07 2022  62          24751 GPS  0.614 0.608 0.000 
G07 2022  62          24752 GPS  0.610 0.608 0.000 
G07 2022  62          24753 GPS  0.609 0.608 0.000 
G07 2022  62          24754 GPS  0.603 0.608 0.000 
G07 2022  62          24755 GPS  0.610 0.608 0.000 
G07 2022  62          24756 GPS  0.614 0.608 0.000 
G07 2022  62          24757 GPS  0.607 0.608 0.000 
G07 2022  62          24758 GPS  0.604 0.608 0.000 
G07 2022  62          24759 GPS  0.599 0.608 0.000 
G07 2022  62          24760 GPS  0.606 0.608 0.000 
G07 2022  62          24761 GPS  0.610 0.608 0.000 
G07 2022  62          24762 GPS  0.617 0.608 0.000 
G07 2022  62          24763 GPS  0.622 0.608 0.000 
G07 2022  62          24764 GPS  0.615 0.608 0.000 
G07 2022  62          24765 GPS  0.611 0.608 0.000 
G07 2022  62          24766 GPS  0.607 0.608 0.000 
G07 2022  62          24767 GPS  0.605 0.608 0.000 
G07 2022  62          24768 GPS  0.607 0.608 0.000 
G07 2022  62          24769 GPS  0.608 0.608 0.000 
G07 2022  62          24770 GPS  0.614 0.608 0.000 
G07 2022  62          24771 GPS  0.620 0.608 0.000 
G07 2022  62          24772 GPS  0.624 0.608 0.000 
G07 2022  62          24773 GPS  0.632 0.608 0.000 
G07 2022  62          24774 GPS  0.643 0.608 0.000 
G07 2022  62          24775 GPS  0.646 0.609 0.000 
G07 2022  62          24776 GPS  0.642 0.609 0.000 
G07 2022  62          24777 GPS  0.649 0.609 0.000 
G07 2022  62          24778 GPS  0.649 0.609 0.000 
G07 2022  62          24779 GPS  0.649 0.609 0.000 
G07 2022  62          24780 GPS  0.655 0.609 0.000 
G07 2022  62          24781 GPS  0.660 0.610 0.000 
G07 2022  62          24782 GPS  0.658 0.610 0.000 
G07 2022  62          24783 GPS  0.654 0.610 0.000 
G07 2022  62          24784 GPS  0.651 0.610 0.000 
G07 2022  62          24785 GPS  0.657 0.610 0.000 
G07 2022  62          24786 GPS  0.663 0.610 0.000 
G07 2022  62          24787 GPS  0.668 0.611 0.000 
G07 2022  62          24788 GPS  0.669 0.611 0.000 
G07 2022  62          24789 GPS  0.670 0.611 0.000 
G07 2022  62          24790 GPS  0.674 0.611 0.000 
G07 2022  62          24791 GPS  0.677 0.612 0.000 
G07 2022  62          24792 GPS  0.680 0.612 0.000 
G07 2022  62          24793 GPS  0.682 0.612 0.000 
G07 2022  62          24794 GPS  0.678 0.612 0.000 
G07 2022  62          24795 GPS  0.683 0.613 0.000 
G07 2022  62          24796 GPS  0.681 0.613 0.000 
G07 2022  62          24797 GPS  0.670 0.613 0.000 
G07 2022  62          24798 GPS  0.669 0.613 0.000 
G07 2022  62          24799 GPS  0.668 0.613 0.000 
G07 2022  62          24800 GPS  0.670 0.614 0.000 
G07 2022  62          24801 GPS  0.669 0.614 0.000 
G07 2022  62          24802 GPS  0.667 0.614 0.000 
G07 2022  62          24803 GPS  0.668 0.614 0.000 
G07 2022  62          24804 GPS  0.666 0.614 0.000 
G07 2022  62          24805 GPS  0.666 0.614 0.000 
G07 2022  62          24806 GPS  0.662 0.615 0.000 
G07 2022  62          24807 GPS  0.659 0.615 0.000 
G07 2022  62          24808 GPS  0.657 0.615 0.000 
G07 2022  62          24809 GPS  0.655 0.615 0.000 
G07 2022  62          24810 GPS  0.653 0.615 0.000 
G07 2022  62          24811 GPS  0.646 0.615 0.000 
G07 2022  62          24812 GPS  0.644 0.615 0.000 
G07 2022  62          24813 GPS  0.647 0.616 0.000 
G07 2022  62          24814 GPS  0.647 0.616 0.000 
G07 2022  62          24815 GPS  0.648 0.616 0.000 
G07 2022  62          24816 GPS  0.647 0.616 0.000 
G07 2022  62          24817 GPS  0.650 0.616 0.000 
G07 2022  62          24818 GPS  0.646 0.616 0.000 
G07 2022  62          24819 GPS  0.641 0.616 0.000 
G07 2022  62          24820 GPS  0.644 0.616 0.000 
G07 2022  62          24821 GPS  0.639 0.616 0.000 
G07 2022  62          24822 GPS  0.638 0.616 0.000 
G07 2022  62          24823 GPS  0.632 0.616 0.000 
G07 2022  62          24824 GPS  0.625 0.616 0.000 
G07 2022  62          24825 GPS  0.621 0.616 0.000 
G07 2022  62          24826 GPS  0.618 0.616 0.000 
G07 2022  62          24827 GPS  0.613 0.616 0.000 
G07 2022  62          24828 GPS  0.603 0.616 0.000 
G07 2022  62          24829 GPS  0.599 0.616 0.000 
G07 2022  62          24830 GPS  0.598 0.616 0.000 
G07 2022  62          24831 GPS  0.602 0.616 0.000 
G07 2022  62          24832 GPS  0.607 0.616 0.000 
G07 2022  62          24833 GPS  0.619 0.616 0.000 
G07 2022  62          24834 GPS  0.626 0.616 0.000 
G07 2022  62          24835 GPS  0.632 0.616 0.000 
G07 2022  62          24836 GPS  0.630 0.616 0.000 
G07 2022  62          24837 GPS  0.623 0.616 0.000 
G07 2022  62          24838 GPS  0.613 0.616 0.000 
G07 2022  62          24839 GPS  0.615 0.616 0.000 
G07 2022  62          24840 GPS  0.617 0.616 0.000 
G07 2022  62          24841 GPS  0.614 0.616 0.000 
G07 2022  62          24842 GPS  0.616 0.616 0.000 
G07 2022  62          24843 GPS  0.616 0.616 0.000 
G07 2022  62          24844 GPS  0.609 0.616 0.000 
G07 2022  62          24845 GPS  0.615 0.616 0.000 
G07 2022  62          24846 GPS  0.612 0.616 0.000 
G07 2022  62          24847 GPS  0.604 0.616 0.000 
G07 2022  62          24848 GPS  0.599 0.616 0.000 
G07 2022  62          24849 GPS  0.598 0.616 0.000 
G07 2022  62          24850 GPS  0.600 0.616 0.000 
G07 2022  62          24851 GPS  0.599 0.616 0.000 
G07 2022  62          24852 GPS  0.595 0.616 0.000 
G07 2022  62          24853 GPS  0.590 0.616 0.000 
G07 2022  62          24854 GPS  0.588 0.616 0.000 
G07 2022  62          24855 GPS  0.592 0.616 0.000 
G07 2022  62          24856 GPS  0.591 0.616 0.000 
G07 2022  62          24857 GPS  0.593 0.616 0.000 
G07 2022  62          24858 GPS  0.595 0.616 0.000 
G07 2022  62          24859 GPS  0.592 0.616 0.000 
G07 2022  62          24860 GPS  0.596 0.615 0.000 
G07 2022  62          24861 GPS  0.597 0.615 0.000 
G07 2022  62          24862 GPS  0.601 0.615 0.000 
G07 2022  62          24863 GPS  0.600 0.615 0.000 
G07 2022  62          24864 GPS  0.598 0.615 0.000 
G07 2022  62          24865 GPS  0.603 0.615 0.000 
G07 2022  62          24866 GPS  0.604 0.615 0.000 
G07 2022  62          24867 GPS  0.608 0.615 0.000 
G07 2022  62          24868 GPS  0.609 0.615 0.000 
G07 2022  62          24869 GPS  0.613 0.615 0.000 
G07 2022  62          24870 GPS  0.621 0.615 0.000 
G07 2022  62          24871 GPS  0.624 0.615 0.000 
G07 2022  62          24872 GPS  0.629 0.615 0.000 
G07 2022  62          24873 GPS  0.630 0.615 0.000 
G07 2022  62          24874 GPS  0.627 0.615 0.000 
G07 2022  62          24875 GPS  0.632 0.615 0.000 
G07 2022  62          24876 GPS  0.625 0.615 0.000 
G07 2022  62          24877 GPS  0.625 0.615 0.000 
G07 2022  62          24878 GPS  0.624 0.615 0.000 
G07 2022  62          24879 GPS  0.629 0.615 0.000 
G07 2022  62          24880 GPS  0.636 0.616 0.000 
G07 2022  62          24881 GPS  0.642 0.616 0.000 
G07 2022  62          24882 GPS  0.645 0.616 0.000 
G07 2022  62          24883 GPS  0.644 0.616 0.000 
G07 2022  62          24884 GPS  0.645 0.616 0.000 
G07 2022  62          24885 GPS  0.643 0.616 0.000 
G07 2022  62          24886 GPS  0.639 0.616 0.000 
G07 2022  62          24887 GPS  0.649 0.616 0.000 
G07 2022  62          24888 GPS  0.649 0.616 0.000 
G07 2022  62          24889 GPS  0.652 0.616 0.000 
G07 2022  62          24890 GPS  0.651 0.616 0.000 
G07 2022  62          24891 GPS  0.646 0.616 0.000 
G07 2022  62          24892 GPS  0.644 0.617 0.000 
G07 2022  62          24893 GPS  0.647 0.617 0.000 
G07 2022  62          24894 GPS  0.641 0.617 0.000 
G07 2022  62          24895 GPS  0.643 0.617 0.000 
G07 2022  62          24896 GPS  0.638 0.617 0.000 
G07 2022  62          24897 GPS  0.633 0.617 0.000 
G07 2022  62          24898 GPS  0.629 0.617 0.000 
G07 2022  62          24899 GPS  0.628 0.617 0.000 
G07 2022  62          24900 GPS  0.637 0.617 0.000 
G07 2022  62          24901 GPS  0.640 0.617 0.000 
G07 2022  62          24902 GPS  0.640 0.617 0.000 
G07 2022  62          24903 GPS  0.638 0.617 0.000 
G07 2022  62          24904 GPS  0.640 0.617 0.000 
G07 2022  62          24905 GPS  0.637 0.617 0.000 
G07 2022  62          24906 GPS  0.639 0.617 0.000 
G07 2022  62          24907 GPS  0.634 0.617 0.000 
G07 2022  62          24908 GPS  0.634 0.617 0.000 
G07 2022  62          24909 GPS  0.633 0.617 0.000 
G07 2022  62          24910 GPS  0.636 0.617 0.000 
G07 2022  62          24911 GPS  0.632 0.617 0.000 
G07 2022  62          24912 GPS  0.630 0.618 0.000 
G07 2022  62          24913 GPS  0.631 0.618 0.000 
G07 2022  62          24914 GPS  0.629 0.618 0.000 
G07 2022  62          24915 GPS  0.627 0.618 0.000 
G07 2022  62          24916 GPS  0.629 0.618 0.000 
G07 2022  62          24917 GPS  0.630 0.618 0.000 
G07 2022  62          24918 GPS  0.622 0.618 0.000 
G07 2022  62          24919 GPS  0.621 0.618 0.000 
G07 2022  62          24920 GPS  0.622 0.618 0.000 
G07 2022  62          24921 GPS  0.629 0.618 0.000 
G07 2022  62          24922 GPS  0.634 0.618 0.000 
G07 2022  62          24923 GPS  0.636 0.618 0.000 
G07 2022  62          24924 GPS  0.640 0.618 0.000 
G07 2022  62          24925 GPS  0.641 0.618 0.000 
G07 2022  62          24926 GPS  0.645 0.618 0.000 
G07 2022  62          24927 GPS  0.644 0.618 0.000 
G07 2022  62          24928 GPS  0.639 0.618 0.000 
G07 2022  62          24929 GPS  0.640 0.618 0.000 
G07 2022  62          24930 GPS  0.650 0.618 0.000 
G07 2022  62          24931 GPS  0.656 0.618 0.000 
G07 2022  62          24932 GPS  0.658 0.618 0.000 
G07 2022  62          24933 GPS  0.661 0.619 0.000 
G07 2022  62          24934 GPS  0.659 0.619 0.000 
G07 2022  62          24935 GPS  0.657 0.619 0.000 
G07 2022  62          24936 GPS  0.652 0.619 0.000 
G07 2022  62          24937 GPS  0.650 0.619 0.000 
G07 2022  62          24938 GPS  0.647 0.619 0.000 
G07 2022  62          24939 GPS  0.650 0.619 0.000 
G07 2022  62          24940 GPS  0.654 0.619 0.000 
G07 2022  62          24941 GPS  0.659 0.619 0.000 
G07 2022  62          24942 GPS  0.664 0.619 0.000 
G07 2022  62          24943 GPS  0.668 0.619 0.000 
G07 2022  62          24944 GPS  0.669 0.620 0.000 
G07 2022  62          24945 GPS  0.670 0.620 0.000 
G07 2022  62          24946 GPS  0.673 0.620 0.000 
G07 2022  62          24947 GPS  0.662 0.620 0.000 
G07 2022  62          24948 GPS  0.664 0.620 0.000 
G07 2022  62          24949 GPS  0.667 0.620 0.000 
G07 2022  62          24950 GPS  0.667 0.620 0.000 
G07 2022  62          24951 GPS  0.673 0.620 0.000 
G07 2022  62          24952 GPS  0.674 0.620 0.000 
G07 2022  62          24953 GPS  0.674 0.621 0.000 
G07 2022  62          24954 GPS  0.675 0.621 0.000 
G07 2022  62          24955 GPS  0.676 0.621 0.000 
G07 2022  62          24956 GPS  0.677 0.621 0.000 
G07 2022  62          24957 GPS  0.673 0.621 0.000 
G07 2022  62          24958 GPS  0.673 0.621 0.000 
G07 2022  62          24959 GPS  0.674 0.621 0.000 
G07 2022  62          24960 GPS  0.674 0.621 0.000 
G07 2022  62          24961 GPS  0.676 0.622 0.000 
G07 2022  62          24962 GPS  0.670 0.622 0.000 
G07 2022  62          24963 GPS  0.672 0.622 0.000 
G07 2022  62          24964 GPS  0.667 0.622 0.000 
G07 2022  62          24965 GPS  0.662 0.622 0.000 
G07 2022  62          24966 GPS  0.657 0.622 0.000 
G07 2022  62          24967 GPS  0.651 0.622 0.000 
G07 2022  62          24968 GPS  0.650 0.622 0.000 
G07 2022  62          24969 GPS  0.645 0.622 0.000 
G07 2022  62          24970 GPS  0.642 0.622 0.000 
G07 2022  62          24971 GPS  0.642 0.622 0.000 
G07 2022  62          24972 GPS  0.646 0.622 0.000 
G07 2022  62          24973 GPS  0.645 0.622 0.000 
G07 2022  62          24974 GPS  0.640 0.622 0.000 
G07 2022  62          24975 GPS  0.633 0.622 0.000 
G07 2022  62          24976 GPS  0.625 0.622 0.000 
G07 2022  62          24977 GPS  0.620 0.622 0.000 
G07 2022  62          24978 GPS  0.624 0.622 0.000 
G07 2022  62          24979 GPS  0.634 0.622 0.000 
G07 2022  62          24980 GPS  0.641 0.622 0.000 
G07 2022  62          24981 GPS  0.643 0.623 0.000 
G07 2022  62          24982 GPS  0.645 0.623 0.000 
G07 2022  62          24983 GPS  0.650 0.623 0.000 
G07 2022  62          24984 GPS  0.652 0.623 0.000 
G07 2022  62          24985 GPS  0.652 0.623 0.000 
G07 2022  62          24986 GPS  0.654 0.623 0.000 
G07 2022  62          24987 GPS  0.648 0.623 0.000 
G07 2022  62          24988 GPS  0.643 0.623 0.000 
G07 2022  62          24989 GPS  0.638 0.623 0.000 
G07 2022  62          24990 GPS  0.641 0.623 0.000 
G07 2022  62          24991 GPS  0.640 0.623 0.000 
G07 2022  62          24992 GPS  0.639 0.623 0.000 
G07 2022  62          24993 GPS  0.645 0.623 0.000 
G07 2022  62          24994 GPS  0.641 0.623 0.000 
G07 2022  62          24995 GPS  0.641 0.623 0.000 
G07 2022  62          24996 GPS  0.641 0.623 0.000 
G07 2022  62          24997 GPS  0.637 0.623 0.000 
G07 2022  62          24998 GPS  0.636 0.623 0.000 
G07 2022  62          24999 GPS  0.637 0.623 0.000 
G07 2022  62          25000 GPS  0.637 0.623 0.000 
G07 2022  62          25001 GPS  0.640 0.623 0.000 
G07 2022  62          25002 GPS  0.642 0.623 0.000 
G07 2022  62          25003 GPS  0.643 0.623 0.000 
G07 2022  62          25004 GPS  0.646 0.623 0.000 
G07 2022  62          25005 GPS  0.644 0.624 0.000 
G07 2022  62          25006 GPS  0.641 0.624 0.000 
G07 2022  62          25007 GPS  0.636 0.624 0.000 
G07 2022  62          25008 GPS  0.640 0.624 0.000 
G07 2022  62          25009 GPS  0.642 0.624 0.000 
G07 2022  62          25010 GPS  0.644 0.624 0.000 
G07 2022  62          25011 GPS  0.646 0.624 0.000 
G07 2022  62          25012 GPS  0.650 0.624 0.000 
G07 2022  62          25013 GPS  0.645 0.624 0.000 
G07 2022  62          25014 GPS  0.647 0.624 0.000 
G07 2022  62          25015 GPS  0.643 0.624 0.000 
G07 2022  62          25016 GPS  0.644 0.624 0.000 
G07 2022  62          25017 GPS  0.637 0.624 0.000 
G07 2022  62          25018 GPS  0.635 0.624 0.000 
G07 2022  62          25019 GPS  0.629 0.624 0.000 
G07 2022  62          25020 GPS  0.630 0.624 0.000 
G07 2022  62          25021 GPS  0.628 0.624 0.000 
G07 2022  62          25022 GPS  0.630 0.624 0.000 
G07 2022  62          25023 GPS  0.631 0.624 0.000 
G07 2022  62          25024 GPS  0.629 0.624 0.000 
G07 2022  62          25025 GPS  0.625 0.624 0.000 
G07 2022  62          25026 GPS  0.623 0.624 0.000 
G07 2022  62          25027 GPS  0.622 0.624 0.000 
G07 2022  62          25028 GPS  0.621 0.624 0.000 
G07 2022  62          25029 GPS  0.625 0.624 0.000 
G07 2022  62          25030 GPS  0.626 0.624 0.000 
G07 2022  62          25031 GPS  0.628 0.624 0.000 
G07 2022  62          25032 GPS  0.635 0.624 0.000 
G07 2022  62          25033 GPS  0.632 0.624 0.000 
G07 2022  62          25034 GPS  0.630 0.624 0.000 
G07 2022  62          25035 GPS  0.629 0.624 0.000 
G07 2022  62          25036 GPS  0.628 0.624 0.000 
G07 2022  62          25037 GPS  0.626 0.624 0.000 
G07 2022  62          25038 GPS  0.620 0.624 0.000 
G07 2022  62          25039 GPS  0.623 0.624 0.000 
G07 2022  62          25040 GPS  0.623 0.624 0.000 
G07 2022  62          25041 GPS  0.620 0.624 0.000 
G07 2022  62          25042 GPS  0.622 0.624 0.000 
G07 2022  62          25043 GPS  0.622 0.624 0.000 
G07 2022  62          25044 GPS  0.619 0.624 0.000 
G07 2022  62          25045 GPS  0.615 0.624 0.000 
G07 2022  62          25046 GPS  0.613 0.624 0.000 
G07 2022  62          25047 GPS  0.614 0.624 0.000 
G07 2022  62          25048 GPS  0.618 0.624 0.000 
G07 2022  62          25049 GPS  0.619 0.624 0.000 
G07 2022  62          25050 GPS  0.620 0.624 0.000 
G07 2022  62          25051 GPS  0.624 0.624 0.000 
G07 2022  62          25052 GPS  0.622 0.624 0.000 
G07 2022  62          25053 GPS  0.625 0.624 0.000 
G07 2022  62          25054 GPS  0.622 0.624 0.000 
G07 2022  62          25055 GPS  0.620 0.624 0.000 
G07 2022  62          25056 GPS  0.618 0.624 0.000 
G07 2022  62          25057 GPS  0.615 0.624 0.000 
G07 2022  62          25058 GPS  0.613 0.624 0.000 
G07 2022  62          25059 GPS  0.612 0.624 0.000 
G07 2022  62          25060 GPS  0.614 0.624 0.000 
G07 2022  62          25061 GPS  0.620 0.624 0.000 
G07 2022  62          25062 GPS  0.620 0.624 0.000 
G07 2022  62          25063 GPS  0.615 0.624 0.000 
G07 2022  62          25064 GPS  0.617 0.624 0.000 
G07 2022  62          25065 GPS  0.618 0.624 0.000 
G07 2022  62          25066 GPS  0.614 0.624 0.000 
G07 2022  62          25067 GPS  0.619 0.624 0.000 
G07 2022  62          25068 GPS  0.618 0.624 0.000 
G07 2022  62          25069 GPS  0.617 0.624 0.000 
G07 2022  62          25070 GPS  0.620 0.624 0.000 
G07 2022  62          25071 GPS  0.622 0.624 0.000 
G07 2022  62          25072 GPS  0.625 0.624 0.000 
G07 2022  62          25073 GPS  0.625 0.624 0.000 
G07 2022  62          25074 GPS  0.624 0.624 0.000 
G07 2022  62          25075 GPS  0.621 0.624 0.000 
G07 2022  62          25076 GPS  0.619 0.624 0.000 
G07 2022  62          25077 GPS  0.619 0.624 0.000 
G07 2022  62          25078 GPS  0.616 0.624 0.000 
G07 2022  62          25079 GPS  0.622 0.624 0.000 
G07 2022  62          25080 GPS  0.615 0.624 0.000 
G07 2022  62          25081 GPS  0.617 0.624 0.000 
G07 2022  62          25082 GPS  0.618 0.624 0.000 
G07 2022  62          25083 GPS  0.618 0.624 0.000 
G07 2022  62          25084 GPS  0.619 0.624 0.000 
G07 2022  62          25085 GPS  0.622 0.624 0.000 
G07 2022  62          25086 GPS  0.621 0.624 0.000 
G07 2022  62          25087 GPS  0.621 0.624 0.000 
G07 2022  62          25088 GPS  0.620 0.624 0.000 
G07 2022  62          25089 GPS  0.623 0.624 0.000 
G07 2022  62          25090 GPS  0.630 0.624 0.000 
G07 2022  62          25091 GPS  0.632 0.624 0.000 
G07 2022  62          25092 GPS  0.635 0.624 0.000 
G07 2022  62          25093 GPS  0.631 0.624 0.000 
G07 2022  62          25094 GPS  0.629 0.624 0.000 
G07 2022  62          25095 GPS  0.634 0.624 0.000 
G07 2022  62          25096 GPS  0.628 0.624 0.000 
G07 2022  62          25097 GPS  0.626 0.624 0.000 
G07 2022  62          25098 GPS  0.626 0.624 0.000 
G07 2022  62          25099 GPS  0.629 0.624 0.000 
G07 2022  62          25100 GPS  0.628 0.624 0.000 
G07 2022  62          25101 GPS  0.623 0.624 0.000 
G07 2022  62          25102 GPS  0.620 0.624 0.000 
G07 2022  62          25103 GPS  0.618 0.624 0.000 
G07 2022  62          25104 GPS  0.614 0.624 0.000 
G07 2022  62          25105 GPS  0.611 0.624 0.000 
G07 2022  62          25106 GPS  0.609 0.624 0.000 
G07 2022  62          25107 GPS  0.611 0.624 0.000 
G07 2022  62          25108 GPS  0.609 0.624 0.000 
G07 2022  62          25109 GPS  0.613 0.624 0.000 
G07 2022  62          25110 GPS  0.612 0.624 0.000 
G07 2022  62          25111 GPS  0.616 0.624 0.000 
G07 2022  62          25112 GPS  0.617 0.624 0.000 
G07 2022  62          25113 GPS  0.611 0.624 0.000 
G07 2022  62          25114 GPS  0.608 0.624 0.000 
G07 2022  62          25115 GPS  0.607 0.624 0.000 
G07 2022  62          25116 GPS  0.606 0.624 0.000 
G07 2022  62          25117 GPS  0.603 0.623 0.000 
G07 2022  62          25118 GPS  0.605 0.623 0.000 
G07 2022  62          25119 GPS  0.612 0.623 0.000 
G07 2022  62          25120 GPS  0.615 0.623 0.000 
G07 2022  62          25121 GPS  0.618 0.623 0.000 
G07 2022  62          25122 GPS  0.622 0.623 0.000 
G07 2022  62          25123 GPS  0.622 0.623 0.000 
G07 2022  62          25124 GPS  0.625 0.623 0.000 
G07 2022  62          25125 GPS  0.623 0.623 0.000 
G07 2022  62          25126 GPS  0.618 0.623 0.000 
G07 2022  62          25127 GPS  0.620 0.623 0.000 
G07 2022  62          25128 GPS  0.623 0.623 0.000 
G07 2022  62          25129 GPS  0.630 0.623 0.000 
G07 2022  62          25130 GPS  0.637 0.623 0.000 
G07 2022  62          25131 GPS  0.642 0.623 0.000 
G07 2022  62          25132 GPS  0.646 0.623 0.000 
G07 2022  62          25133 GPS  0.647 0.624 0.000 
G07 2022  62          25134 GPS  0.651 0.624 0.000 
G07 2022  62          25135 GPS  0.655 0.624 0.000 
G07 2022  62          25136 GPS  0.659 0.624 0.000 
G07 2022  62          25137 GPS  0.657 0.624 0.000 
G07 2022  62          25138 GPS  0.648 0.624 0.000 
G07 2022  62          25139 GPS  0.648 0.624 0.000 
G07 2022  62          25140 GPS  0.647 0.624 0.000 
G07 2022  62          25141 GPS  0.646 0.624 0.000 
G07 2022  62          25142 GPS  0.641 0.624 0.000 
G07 2022  62          25143 GPS  0.638 0.624 0.000 
G07 2022  62          25144 GPS  0.635 0.624 0.000 
G07 2022  62          25145 GPS  0.634 0.624 0.000 
G07 2022  62          25146 GPS  0.634 0.624 0.000 
G07 2022  62          25147 GPS  0.639 0.624 0.000 
G07 2022  62          25148 GPS  0.641 0.624 0.000 
G07 2022  62          25149 GPS  0.642 0.624 0.000 
G07 2022  62          25150 GPS  0.648 0.624 0.000 
G07 2022  62          25151 GPS  0.647 0.624 0.000 
G07 2022  62          25152 GPS  0.649 0.624 0.000 
G07 2022  62          25153 GPS  0.651 0.624 0.000 
G07 2022  62          25154 GPS  0.653 0.624 0.000 
G07 2022  62          25155 GPS  0.642 0.624 0.000 
G07 2022  62          25156 GPS  0.637 0.624 0.000 
G07 2022  62          25157 GPS  0.635 0.624 0.000 
G07 2022  62          25158 GPS  0.631 0.624 0.000 
G07 2022  62          25159 GPS  0.633 0.624 0.000 
G07 2022  62          25160 GPS  0.638 0.624 0.000 
G07 2022  62          25161 GPS  0.635 0.624 0.000 
G07 2022  62          25162 GPS  0.630 0.624 0.000 
G07 2022  62          25163 GPS  0.625 0.624 0.000 
G07 2022  62          25164 GPS  0.622 0.624 0.000 
G07 2022  62          25165 GPS  0.621 0.624 0.000 
G07 2022  62          25166 GPS  0.623 0.624 0.000 
G07 2022  62          25167 GPS  0.624 0.624 0.000 
G07 2022  62          25168 GPS  0.628 0.624 0.000 
G07 2022  62          25169 GPS  0.629 0.624 0.000 
G07 2022  62          25170 GPS  0.631 0.624 0.000 
G07 2022  62          25171 GPS  0.635 0.624 0.000 
G07 2022  62          25172 GPS  0.638 0.624 0.000 
G07 2022  62          25173 GPS  0.638 0.624 0.000 
G07 2022  62          25174 GPS  0.642 0.624 0.000 
G07 2022  62          25175 GPS  0.647 0.625 0.000 
G07 2022  62          25176 GPS  0.650 0.625 0.000 
G07 2022  62          25177 GPS  0.651 0.625 0.000 
G07 2022  62          25178 GPS  0.650 0.625 0.000 
G07 2022  62          25179 GPS  0.654 0.625 0.000 
G07 2022  62          25180 GPS  0.657 0.625 0.000 
G07 2022  62          25181 GPS  0.665 0.625 0.000 
G07 2022  62          25182 GPS  0.674 0.625 0.000 
G07 2022  62          25183 GPS  0.675 0.625 0.000 
G07 2022  62          25184 GPS  0.672 0.625 0.000 
G07 2022  62          25185 GPS  0.669 0.625 0.000 
G07 2022  62          25186 GPS  0.663 0.625 0.000 
G07 2022  62          25187 GPS  0.664 0.625 0.000 
G07 2022  62          25188 GPS  0.671 0.625 0.000 
G07 2022  62          25189 GPS  0.678 0.625 0.000 
G07 2022  62          25190 GPS  0.674 0.625 0.000 
G07 2022  62          25191 GPS  0.673 0.625 0.000 
G07 2022  62          25192 GPS  0.673 0.626 0.000 
G07 2022  62          25193 GPS  0.676 0.626 0.000 
G07 2022  62          25194 GPS  0.681 0.626 0.000 
G07 2022  62          25195 GPS  0.679 0.626 0.000 
G07 2022  62          25196 GPS  0.682 0.626 0.000 
G07 2022  62          25197 GPS  0.682 0.626 0.000 
G07 2022  62          25198 GPS  0.680 0.626 0.000 
G07 2022  62          25199 GPS  0.685 0.626 0.000 
G07 2022  62          25200 GPS  0.686 0.626 0.000 
