G08 2022  62          24517 GPS  -9.220 -9.220 -9.220 
G08 2022  62          24518 GPS  -9.224 -9.222 -0.000 
G08 2022  62          24519 GPS  -9.223 -9.222 -0.000 
G08 2022  62          24520 GPS  -9.219 -9.221 -0.000 
G08 2022  62          24521 GPS  -9.217 -9.221 -0.000 
G08 2022  62          24522 GPS  -9.215 -9.220 -0.000 
G08 2022  62          24523 GPS  -9.214 -9.219 -0.000 
G08 2022  62          24524 GPS  -9.212 -9.218 -0.000 
G08 2022  62          24525 GPS  -9.217 -9.218 -0.000 
G08 2022  62          24526 GPS  -9.213 -9.217 -0.000 
G08 2022  62          24527 GPS  -9.215 -9.217 -0.000 
G08 2022  62          24528 GPS  -9.216 -9.217 -0.000 
G08 2022  62          24529 GPS  -9.220 -9.217 -0.000 
G08 2022  62          24530 GPS  -9.214 -9.217 -0.000 
G08 2022  62          24531 GPS  -9.209 -9.216 -0.000 
G08 2022  62          24532 GPS  -9.217 -9.217 -0.000 
G08 2022  62          24533 GPS  -9.212 -9.216 -0.000 
G08 2022  62          24534 GPS  -9.209 -9.216 -0.000 
G08 2022  62          24535 GPS  -9.209 -9.215 -0.000 
G08 2022  62          24536 GPS  -9.211 -9.215 -0.000 
G08 2022  62          24537 GPS  -9.218 -9.215 -0.000 
G08 2022  62          24538 GPS  -9.217 -9.215 -0.000 
G08 2022  62          24539 GPS  -9.216 -9.215 -0.000 
G08 2022  62          24540 GPS  -9.216 -9.215 -0.000 
G08 2022  62          24541 GPS  -9.214 -9.215 -0.000 
G08 2022  62          24542 GPS  -9.212 -9.215 -0.000 
G08 2022  62          24543 GPS  -9.217 -9.215 -0.000 
G08 2022  62          24544 GPS  -9.220 -9.216 -0.000 
G08 2022  62          24545 GPS  -9.219 -9.216 -0.000 
G08 2022  62          24546 GPS  -9.219 -9.216 -0.000 
G08 2022  62          24547 GPS  -9.222 -9.216 -0.000 
G08 2022  62          24548 GPS  -9.225 -9.216 -0.000 
G08 2022  62          24549 GPS  -9.221 -9.216 -0.000 
G08 2022  62          24550 GPS  -9.216 -9.216 -0.000 
G08 2022  62          24551 GPS  -9.213 -9.216 -0.000 
G08 2022  62          24552 GPS  -9.209 -9.216 -0.000 
G08 2022  62          24553 GPS  -9.209 -9.216 -0.000 
G08 2022  62          24554 GPS  -9.210 -9.216 -0.000 
G08 2022  62          24555 GPS  -9.216 -9.216 -0.000 
G08 2022  62          24556 GPS  -9.216 -9.216 -0.000 
G08 2022  62          24557 GPS  -9.223 -9.216 -0.000 
G08 2022  62          24558 GPS  -9.225 -9.216 -0.000 
G08 2022  62          24559 GPS  -9.225 -9.216 -0.000 
G08 2022  62          24560 GPS  -9.214 -9.216 -0.000 
G08 2022  62          24561 GPS  -9.208 -9.216 -0.000 
G08 2022  62          24562 GPS  -9.204 -9.216 -0.000 
G08 2022  62          24563 GPS  -9.203 -9.216 -0.000 
G08 2022  62          24564 GPS  -9.201 -9.215 -0.000 
G08 2022  62          24565 GPS  -9.202 -9.215 -0.000 
G08 2022  62          24566 GPS  -9.202 -9.215 -0.000 
G08 2022  62          24567 GPS  -9.194 -9.214 -0.000 
G08 2022  62          24568 GPS  -9.198 -9.214 -0.000 
G08 2022  62          24569 GPS  -9.198 -9.214 -0.000 
G08 2022  62          24570 GPS  -9.195 -9.213 -0.000 
G08 2022  62          24571 GPS  -9.191 -9.213 -0.000 
G08 2022  62          24572 GPS  -9.192 -9.213 -0.000 
G08 2022  62          24573 GPS  -9.191 -9.212 -0.000 
G08 2022  62          24574 GPS  -9.199 -9.212 -0.000 
G08 2022  62          24575 GPS  -9.194 -9.212 -0.000 
G08 2022  62          24576 GPS  -9.187 -9.211 -0.000 
G08 2022  62          24577 GPS  -9.183 -9.211 -0.000 
G08 2022  62          24578 GPS  -9.182 -9.210 -0.000 
G08 2022  62          24579 GPS  -9.180 -9.210 -0.000 
G08 2022  62          24580 GPS  -9.173 -9.209 -0.000 
G08 2022  62          24581 GPS  -9.166 -9.209 -0.000 
G08 2022  62          24582 GPS  -9.164 -9.208 -0.000 
G08 2022  62          24583 GPS  -9.158 -9.207 -0.000 
G08 2022  62          24584 GPS  -9.154 -9.206 -0.000 
G08 2022  62          24585 GPS  -9.155 -9.206 -0.000 
G08 2022  62          24586 GPS  -9.161 -9.205 -0.000 
G08 2022  62          24587 GPS  -9.162 -9.204 -0.000 
G08 2022  62          24588 GPS  -9.162 -9.204 -0.000 
G08 2022  62          24589 GPS  -9.155 -9.203 -0.000 
G08 2022  62          24590 GPS  -9.146 -9.202 -0.000 
G08 2022  62          24591 GPS  -9.141 -9.202 -0.000 
G08 2022  62          24592 GPS  -9.140 -9.201 -0.000 
G08 2022  62          24593 GPS  -9.139 -9.200 -0.000 
G08 2022  62          24594 GPS  -9.139 -9.199 -0.000 
G08 2022  62          24595 GPS  -9.143 -9.199 -0.000 
G08 2022  62          24596 GPS  -9.145 -9.198 -0.000 
G08 2022  62          24597 GPS  -9.149 -9.197 -0.000 
G08 2022  62          24598 GPS  -9.154 -9.197 -0.000 
G08 2022  62          24599 GPS  -9.159 -9.196 -0.000 
G08 2022  62          24600 GPS  -9.152 -9.196 -0.000 
G08 2022  62          24601 GPS  -9.150 -9.195 -0.000 
G08 2022  62          24602 GPS  -9.150 -9.195 -0.000 
G08 2022  62          24603 GPS  -9.149 -9.194 -0.000 
G08 2022  62          24604 GPS  -9.152 -9.194 -0.000 
G08 2022  62          24605 GPS  -9.149 -9.193 -0.000 
G08 2022  62          24606 GPS  -9.146 -9.193 -0.000 
G08 2022  62          24607 GPS  -9.148 -9.192 -0.000 
G08 2022  62          24608 GPS  -9.153 -9.192 -0.000 
G08 2022  62          24609 GPS  -9.151 -9.191 -0.000 
G08 2022  62          24610 GPS  -9.148 -9.191 -0.000 
G08 2022  62          24611 GPS  -9.149 -9.190 -0.000 
G08 2022  62          24612 GPS  -9.150 -9.190 -0.000 
G08 2022  62          24613 GPS  -9.148 -9.190 -0.000 
G08 2022  62          24614 GPS  -9.150 -9.189 -0.000 
G08 2022  62          24615 GPS  -9.150 -9.189 -0.000 
G08 2022  62          24616 GPS  -9.151 -9.188 -0.000 
G08 2022  62          24617 GPS  -9.150 -9.188 -0.000 
G08 2022  62          24618 GPS  -9.155 -9.188 -0.000 
G08 2022  62          24619 GPS  -9.158 -9.187 -0.000 
G08 2022  62          24620 GPS  -9.157 -9.187 -0.000 
G08 2022  62          24621 GPS  -9.157 -9.187 -0.000 
G08 2022  62          24622 GPS  -9.159 -9.187 -0.000 
G08 2022  62          24623 GPS  -9.165 -9.186 -0.000 
G08 2022  62          24624 GPS  -9.166 -9.186 -0.000 
G08 2022  62          24625 GPS  -9.165 -9.186 -0.000 
G08 2022  62          24626 GPS  -9.170 -9.186 -0.000 
G08 2022  62          24627 GPS  -9.176 -9.186 -0.000 
G08 2022  62          24628 GPS  -9.186 -9.186 -0.000 
G08 2022  62          24629 GPS  -9.189 -9.186 -0.000 
G08 2022  62          24630 GPS  -9.187 -9.186 -0.000 
G08 2022  62          24631 GPS  -9.186 -9.186 -0.000 
G08 2022  62          24632 GPS  -9.186 -9.186 -0.000 
G08 2022  62          24633 GPS  -9.190 -9.186 -0.000 
G08 2022  62          24634 GPS  -9.196 -9.186 -0.000 
G08 2022  62          24635 GPS  -9.193 -9.186 -0.000 
G08 2022  62          24636 GPS  -9.190 -9.186 -0.000 
G08 2022  62          24637 GPS  -9.193 -9.186 -0.000 
G08 2022  62          24638 GPS  -9.191 -9.186 -0.000 
G08 2022  62          24639 GPS  -9.193 -9.186 -0.000 
G08 2022  62          24640 GPS  -9.194 -9.186 -0.000 
G08 2022  62          24641 GPS  -9.194 -9.186 -0.000 
G08 2022  62          24642 GPS  -9.197 -9.186 -0.000 
G08 2022  62          24643 GPS  -9.199 -9.186 -0.000 
G08 2022  62          24644 GPS  -9.197 -9.187 -0.000 
G08 2022  62          24645 GPS  -9.199 -9.187 -0.000 
G08 2022  62          24646 GPS  -9.206 -9.187 -0.000 
G08 2022  62          24647 GPS  -9.213 -9.187 -0.000 
G08 2022  62          24648 GPS  -9.217 -9.187 -0.000 
G08 2022  62          24649 GPS  -9.221 -9.187 -0.000 
G08 2022  62          24650 GPS  -9.213 -9.188 -0.000 
G08 2022  62          24651 GPS  -9.209 -9.188 -0.000 
G08 2022  62          24652 GPS  -9.213 -9.188 -0.000 
G08 2022  62          24653 GPS  -9.214 -9.188 -0.000 
G08 2022  62          24654 GPS  -9.218 -9.188 -0.000 
G08 2022  62          24655 GPS  -9.216 -9.189 -0.000 
G08 2022  62          24656 GPS  -9.211 -9.189 -0.000 
G08 2022  62          24657 GPS  -9.214 -9.189 -0.000 
G08 2022  62          24658 GPS  -9.218 -9.189 -0.000 
G08 2022  62          24659 GPS  -9.217 -9.189 -0.000 
G08 2022  62          24660 GPS  -9.217 -9.190 -0.000 
G08 2022  62          24661 GPS  -9.216 -9.190 -0.000 
G08 2022  62          24662 GPS  -9.222 -9.190 -0.000 
G08 2022  62          24663 GPS  -9.220 -9.190 -0.000 
G08 2022  62          24664 GPS  -9.223 -9.190 -0.000 
G08 2022  62          24665 GPS  -9.226 -9.191 -0.000 
G08 2022  62          24666 GPS  -9.231 -9.191 -0.000 
G08 2022  62          24667 GPS  -9.235 -9.191 -0.000 
G08 2022  62          24668 GPS  -9.242 -9.191 -0.000 
G08 2022  62          24669 GPS  -9.235 -9.192 -0.000 
G08 2022  62          24670 GPS  -9.223 -9.192 -0.000 
G08 2022  62          24671 GPS  -9.213 -9.192 -0.000 
G08 2022  62          24672 GPS  -9.204 -9.192 -0.000 
G08 2022  62          24673 GPS  -9.202 -9.192 -0.000 
G08 2022  62          24674 GPS  -9.203 -9.192 -0.000 
G08 2022  62          24675 GPS  -9.200 -9.192 -0.000 
G08 2022  62          24676 GPS  -9.198 -9.192 -0.000 
G08 2022  62          24677 GPS  -9.197 -9.192 -0.000 
G08 2022  62          24678 GPS  -9.192 -9.192 -0.000 
G08 2022  62          24679 GPS  -9.192 -9.192 -0.000 
G08 2022  62          24680 GPS  -9.191 -9.192 -0.000 
G08 2022  62          24681 GPS  -9.190 -9.192 -0.000 
G08 2022  62          24682 GPS  -9.191 -9.192 -0.000 
G08 2022  62          24683 GPS  -9.189 -9.192 -0.000 
G08 2022  62          24684 GPS  -9.195 -9.192 -0.000 
G08 2022  62          24685 GPS  -9.197 -9.192 -0.000 
G08 2022  62          24686 GPS  -9.199 -9.192 -0.000 
G08 2022  62          24687 GPS  -9.206 -9.193 -0.000 
G08 2022  62          24688 GPS  -9.207 -9.193 -0.000 
G08 2022  62          24689 GPS  -9.212 -9.193 -0.000 
G08 2022  62          24690 GPS  -9.211 -9.193 -0.000 
G08 2022  62          24691 GPS  -9.210 -9.193 -0.000 
G08 2022  62          24692 GPS  -9.213 -9.193 -0.000 
G08 2022  62          24693 GPS  -9.210 -9.193 -0.000 
G08 2022  62          24694 GPS  -9.213 -9.193 -0.000 
G08 2022  62          24695 GPS  -9.219 -9.193 -0.000 
G08 2022  62          24696 GPS  -9.220 -9.194 -0.000 
G08 2022  62          24697 GPS  -9.229 -9.194 -0.000 
G08 2022  62          24698 GPS  -9.228 -9.194 -0.000 
G08 2022  62          24699 GPS  -9.230 -9.194 -0.000 
G08 2022  62          24700 GPS  -9.227 -9.194 -0.000 
G08 2022  62          24701 GPS  -9.229 -9.194 -0.000 
G08 2022  62          24702 GPS  -9.229 -9.195 -0.000 
G08 2022  62          24703 GPS  -9.228 -9.195 -0.000 
G08 2022  62          24704 GPS  -9.231 -9.195 -0.000 
G08 2022  62          24705 GPS  -9.232 -9.195 -0.000 
G08 2022  62          24706 GPS  -9.239 -9.195 -0.000 
G08 2022  62          24707 GPS  -9.247 -9.196 -0.000 
G08 2022  62          24708 GPS  -9.252 -9.196 -0.000 
G08 2022  62          24709 GPS  -9.252 -9.196 -0.000 
G08 2022  62          24710 GPS  -9.250 -9.197 -0.000 
G08 2022  62          24711 GPS  -9.246 -9.197 -0.000 
G08 2022  62          24712 GPS  -9.238 -9.197 -0.000 
G08 2022  62          24713 GPS  -9.242 -9.197 -0.000 
G08 2022  62          24714 GPS  -9.247 -9.198 -0.000 
G08 2022  62          24715 GPS  -9.248 -9.198 -0.000 
G08 2022  62          24716 GPS  -9.250 -9.198 -0.000 
G08 2022  62          24717 GPS  -9.249 -9.198 -0.000 
G08 2022  62          24718 GPS  -9.249 -9.199 -0.000 
G08 2022  62          24719 GPS  -9.247 -9.199 -0.000 
G08 2022  62          24720 GPS  -9.248 -9.199 -0.000 
G08 2022  62          24721 GPS  -9.247 -9.199 -0.000 
G08 2022  62          24722 GPS  -9.250 -9.200 -0.000 
G08 2022  62          24723 GPS  -9.254 -9.200 -0.000 
G08 2022  62          24724 GPS  -9.256 -9.200 -0.000 
G08 2022  62          24725 GPS  -9.254 -9.200 -0.000 
G08 2022  62          24726 GPS  -9.248 -9.201 -0.000 
G08 2022  62          24727 GPS  -9.249 -9.201 -0.000 
G08 2022  62          24728 GPS  -9.249 -9.201 -0.000 
G08 2022  62          24729 GPS  -9.252 -9.201 -0.000 
G08 2022  62          24730 GPS  -9.258 -9.201 -0.000 
G08 2022  62          24731 GPS  -9.260 -9.202 -0.000 
G08 2022  62          24732 GPS  -9.257 -9.202 -0.000 
G08 2022  62          24733 GPS  -9.250 -9.202 -0.000 
G08 2022  62          24734 GPS  -9.245 -9.202 -0.000 
G08 2022  62          24735 GPS  -9.252 -9.203 -0.000 
G08 2022  62          24736 GPS  -9.260 -9.203 -0.000 
G08 2022  62          24737 GPS  -9.265 -9.203 -0.000 
G08 2022  62          24738 GPS  -9.263 -9.203 -0.000 
G08 2022  62          24739 GPS  -9.258 -9.204 -0.000 
G08 2022  62          24740 GPS  -9.252 -9.204 -0.000 
G08 2022  62          24741 GPS  -9.248 -9.204 -0.000 
G08 2022  62          24742 GPS  -9.245 -9.204 -0.000 
G08 2022  62          24743 GPS  -9.247 -9.205 -0.000 
G08 2022  62          24744 GPS  -9.241 -9.205 -0.000 
G08 2022  62          24745 GPS  -9.239 -9.205 -0.000 
G08 2022  62          24746 GPS  -9.238 -9.205 -0.000 
G08 2022  62          24747 GPS  -9.233 -9.205 -0.000 
G08 2022  62          24748 GPS  -9.239 -9.205 -0.000 
G08 2022  62          24749 GPS  -9.243 -9.205 -0.000 
G08 2022  62          24750 GPS  -9.240 -9.206 -0.000 
G08 2022  62          24751 GPS  -9.232 -9.206 -0.000 
G08 2022  62          24752 GPS  -9.226 -9.206 -0.000 
G08 2022  62          24753 GPS  -9.226 -9.206 -0.000 
G08 2022  62          24754 GPS  -9.235 -9.206 -0.000 
G08 2022  62          24755 GPS  -9.236 -9.206 -0.000 
G08 2022  62          24756 GPS  -9.236 -9.206 -0.000 
G08 2022  62          24757 GPS  -9.230 -9.206 -0.000 
G08 2022  62          24758 GPS  -9.220 -9.206 -0.000 
G08 2022  62          24759 GPS  -9.224 -9.206 -0.000 
G08 2022  62          24760 GPS  -9.230 -9.207 -0.000 
G08 2022  62          24761 GPS  -9.232 -9.207 -0.000 
G08 2022  62          24762 GPS  -9.233 -9.207 -0.000 
G08 2022  62          24763 GPS  -9.233 -9.207 -0.000 
G08 2022  62          24764 GPS  -9.236 -9.207 -0.000 
G08 2022  62          24765 GPS  -9.232 -9.207 -0.000 
G08 2022  62          24766 GPS  -9.234 -9.207 -0.000 
G08 2022  62          24767 GPS  -9.233 -9.207 -0.000 
G08 2022  62          24768 GPS  -9.232 -9.207 -0.000 
G08 2022  62          24769 GPS  -9.237 -9.207 -0.000 
G08 2022  62          24770 GPS  -9.232 -9.208 -0.000 
G08 2022  62          24771 GPS  -9.227 -9.208 -0.000 
G08 2022  62          24772 GPS  -9.230 -9.208 -0.000 
G08 2022  62          24773 GPS  -9.239 -9.208 -0.000 
G08 2022  62          24774 GPS  -9.246 -9.208 -0.000 
G08 2022  62          24775 GPS  -9.250 -9.208 -0.000 
G08 2022  62          24776 GPS  -9.253 -9.208 -0.000 
G08 2022  62          24777 GPS  -9.248 -9.209 -0.000 
G08 2022  62          24778 GPS  -9.251 -9.209 -0.000 
G08 2022  62          24779 GPS  -9.256 -9.209 -0.000 
G08 2022  62          24780 GPS  -9.255 -9.209 -0.000 
G08 2022  62          24781 GPS  -9.253 -9.209 -0.000 
G08 2022  62          24782 GPS  -9.254 -9.209 -0.000 
G08 2022  62          24783 GPS  -9.248 -9.210 -0.000 
G08 2022  62          24784 GPS  -9.248 -9.210 -0.000 
G08 2022  62          24785 GPS  -9.245 -9.210 -0.000 
G08 2022  62          24786 GPS  -9.250 -9.210 -0.000 
G08 2022  62          24787 GPS  -9.252 -9.210 -0.000 
G08 2022  62          24788 GPS  -9.254 -9.210 -0.000 
G08 2022  62          24789 GPS  -9.256 -9.210 -0.000 
G08 2022  62          24790 GPS  -9.243 -9.211 -0.000 
G08 2022  62          24791 GPS  -9.239 -9.211 -0.000 
G08 2022  62          24792 GPS  -9.241 -9.211 -0.000 
G08 2022  62          24793 GPS  -9.246 -9.211 -0.000 
G08 2022  62          24794 GPS  -9.253 -9.211 -0.000 
G08 2022  62          24795 GPS  -9.255 -9.211 -0.000 
G08 2022  62          24796 GPS  -9.249 -9.211 -0.000 
G08 2022  62          24797 GPS  -9.252 -9.211 -0.000 
G08 2022  62          24798 GPS  -9.254 -9.212 -0.000 
G08 2022  62          24799 GPS  -9.258 -9.212 -0.000 
G08 2022  62          24800 GPS  -9.254 -9.212 -0.000 
G08 2022  62          24801 GPS  -9.254 -9.212 -0.000 
G08 2022  62          24802 GPS  -9.248 -9.212 -0.000 
G08 2022  62          24803 GPS  -9.247 -9.212 -0.000 
G08 2022  62          24804 GPS  -9.245 -9.212 -0.000 
G08 2022  62          24805 GPS  -9.250 -9.213 -0.000 
G08 2022  62          24806 GPS  -9.251 -9.213 -0.000 
G08 2022  62          24807 GPS  -9.256 -9.213 -0.000 
G08 2022  62          24808 GPS  -9.263 -9.213 -0.000 
G08 2022  62          24809 GPS  -9.258 -9.213 -0.000 
G08 2022  62          24810 GPS  -9.248 -9.213 -0.000 
G08 2022  62          24811 GPS  -9.241 -9.213 -0.000 
G08 2022  62          24812 GPS  -9.243 -9.213 -0.000 
G08 2022  62          24813 GPS  -9.248 -9.214 -0.000 
G08 2022  62          24814 GPS  -9.258 -9.214 -0.000 
G08 2022  62          24815 GPS  -9.261 -9.214 -0.000 
G08 2022  62          24816 GPS  -9.259 -9.214 -0.000 
G08 2022  62          24817 GPS  -9.257 -9.214 -0.000 
G08 2022  62          24818 GPS  -9.257 -9.214 -0.000 
G08 2022  62          24819 GPS  -9.258 -9.214 -0.000 
G08 2022  62          24820 GPS  -9.256 -9.215 -0.000 
G08 2022  62          24821 GPS  -9.256 -9.215 -0.000 
G08 2022  62          24822 GPS  -9.255 -9.215 -0.000 
G08 2022  62          24823 GPS  -9.259 -9.215 -0.000 
G08 2022  62          24824 GPS  -9.262 -9.215 -0.000 
G08 2022  62          24825 GPS  -9.264 -9.215 -0.000 
G08 2022  62          24826 GPS  -9.269 -9.216 -0.000 
G08 2022  62          24827 GPS  -9.278 -9.216 -0.000 
G08 2022  62          24828 GPS  -9.282 -9.216 -0.000 
G08 2022  62          24829 GPS  -9.276 -9.216 -0.000 
G08 2022  62          24830 GPS  -9.266 -9.216 -0.000 
G08 2022  62          24831 GPS  -9.268 -9.216 -0.000 
G08 2022  62          24832 GPS  -9.274 -9.217 -0.000 
G08 2022  62          24833 GPS  -9.279 -9.217 -0.000 
G08 2022  62          24834 GPS  -9.287 -9.217 -0.000 
G08 2022  62          24835 GPS  -9.289 -9.217 -0.000 
G08 2022  62          24836 GPS  -9.295 -9.218 -0.000 
G08 2022  62          24837 GPS  -9.307 -9.218 -0.000 
G08 2022  62          24838 GPS  -9.313 -9.218 -0.000 
G08 2022  62          24839 GPS  -9.321 -9.218 -0.000 
G08 2022  62          24840 GPS  -9.323 -9.219 -0.000 
G08 2022  62          24841 GPS  -9.319 -9.219 -0.000 
G08 2022  62          24842 GPS  -9.313 -9.219 -0.000 
G08 2022  62          24843 GPS  -9.314 -9.220 -0.000 
G08 2022  62          24844 GPS  -9.318 -9.220 -0.000 
G08 2022  62          24845 GPS  -9.316 -9.220 -0.000 
G08 2022  62          24846 GPS  -9.322 -9.221 -0.000 
G08 2022  62          24847 GPS  -9.323 -9.221 -0.000 
G08 2022  62          24848 GPS  -9.327 -9.221 -0.000 
G08 2022  62          24849 GPS  -9.321 -9.221 -0.000 
G08 2022  62          24850 GPS  -9.316 -9.222 -0.000 
G08 2022  62          24851 GPS  -9.311 -9.222 -0.000 
G08 2022  62          24852 GPS  -9.308 -9.222 -0.000 
G08 2022  62          24853 GPS  -9.306 -9.222 -0.000 
G08 2022  62          24854 GPS  -9.310 -9.223 -0.000 
G08 2022  62          24855 GPS  -9.307 -9.223 -0.000 
G08 2022  62          24856 GPS  -9.308 -9.223 -0.000 
G08 2022  62          24857 GPS  -9.314 -9.224 -0.000 
G08 2022  62          24858 GPS  -9.319 -9.224 -0.000 
G08 2022  62          24859 GPS  -9.323 -9.224 -0.000 
G08 2022  62          24860 GPS  -9.324 -9.224 -0.000 
G08 2022  62          24861 GPS  -9.322 -9.225 -0.000 
G08 2022  62          24862 GPS  -9.317 -9.225 -0.000 
G08 2022  62          24863 GPS  -9.308 -9.225 -0.000 
G08 2022  62          24864 GPS  -9.311 -9.225 -0.000 
G08 2022  62          24865 GPS  -9.307 -9.226 -0.000 
G08 2022  62          24866 GPS  -9.309 -9.226 -0.000 
G08 2022  62          24867 GPS  -9.311 -9.226 -0.000 
G08 2022  62          24868 GPS  -9.308 -9.226 -0.000 
G08 2022  62          24869 GPS  -9.305 -9.227 -0.000 
G08 2022  62          24870 GPS  -9.298 -9.227 -0.000 
G08 2022  62          24871 GPS  -9.292 -9.227 -0.000 
G08 2022  62          24872 GPS  -9.286 -9.227 -0.000 
G08 2022  62          24873 GPS  -9.284 -9.227 -0.000 
G08 2022  62          24874 GPS  -9.286 -9.227 -0.000 
G08 2022  62          24875 GPS  -9.285 -9.228 -0.000 
G08 2022  62          24876 GPS  -9.285 -9.228 -0.000 
G08 2022  62          24877 GPS  -9.279 -9.228 -0.000 
G08 2022  62          24878 GPS  -9.280 -9.228 -0.000 
G08 2022  62          24879 GPS  -9.278 -9.228 -0.000 
G08 2022  62          24880 GPS  -9.273 -9.228 -0.000 
G08 2022  62          24881 GPS  -9.264 -9.228 -0.000 
G08 2022  62          24882 GPS  -9.260 -9.229 -0.000 
G08 2022  62          24883 GPS  -9.257 -9.229 -0.000 
G08 2022  62          24884 GPS  -9.253 -9.229 -0.000 
G08 2022  62          24885 GPS  -9.252 -9.229 -0.000 
G08 2022  62          24886 GPS  -9.255 -9.229 -0.000 
G08 2022  62          24887 GPS  -9.251 -9.229 -0.000 
G08 2022  62          24888 GPS  -9.251 -9.229 -0.000 
G08 2022  62          24889 GPS  -9.250 -9.229 -0.000 
G08 2022  62          24890 GPS  -9.244 -9.229 -0.000 
G08 2022  62          24891 GPS  -9.238 -9.229 -0.000 
G08 2022  62          24892 GPS  -9.234 -9.229 -0.000 
G08 2022  62          24893 GPS  -9.235 -9.229 -0.000 
G08 2022  62          24894 GPS  -9.235 -9.229 -0.000 
G08 2022  62          24895 GPS  -9.231 -9.229 -0.000 
G08 2022  62          24896 GPS  -9.231 -9.229 -0.000 
G08 2022  62          24897 GPS  -9.230 -9.229 -0.000 
G08 2022  62          24898 GPS  -9.229 -9.229 -0.000 
G08 2022  62          24899 GPS  -9.232 -9.229 -0.000 
G08 2022  62          24900 GPS  -9.230 -9.229 -0.000 
G08 2022  62          24901 GPS  -9.225 -9.229 -0.000 
G08 2022  62          24902 GPS  -9.224 -9.229 -0.000 
G08 2022  62          24903 GPS  -9.227 -9.229 -0.000 
G08 2022  62          24904 GPS  -9.231 -9.229 -0.000 
G08 2022  62          24905 GPS  -9.231 -9.229 -0.000 
G08 2022  62          24906 GPS  -9.234 -9.229 -0.000 
G08 2022  62          24907 GPS  -9.236 -9.229 -0.000 
G08 2022  62          24908 GPS  -9.234 -9.229 -0.000 
G08 2022  62          24909 GPS  -9.233 -9.229 -0.000 
G08 2022  62          24910 GPS  -9.234 -9.229 -0.000 
G08 2022  62          24911 GPS  -9.234 -9.229 -0.000 
G08 2022  62          24912 GPS  -9.232 -9.229 -0.000 
G08 2022  62          24913 GPS  -9.229 -9.229 -0.000 
G08 2022  62          24914 GPS  -9.227 -9.229 -0.000 
G08 2022  62          24915 GPS  -9.226 -9.229 -0.000 
G08 2022  62          24916 GPS  -9.229 -9.229 -0.000 
G08 2022  62          24917 GPS  -9.234 -9.229 -0.000 
G08 2022  62          24918 GPS  -9.237 -9.229 -0.000 
G08 2022  62          24919 GPS  -9.233 -9.229 -0.000 
G08 2022  62          24920 GPS  -9.234 -9.229 -0.000 
G08 2022  62          24921 GPS  -9.231 -9.229 -0.000 
G08 2022  62          24922 GPS  -9.234 -9.229 -0.000 
G08 2022  62          24923 GPS  -9.241 -9.229 -0.000 
G08 2022  62          24924 GPS  -9.250 -9.229 -0.000 
G08 2022  62          24925 GPS  -9.256 -9.229 -0.000 
G08 2022  62          24926 GPS  -9.260 -9.229 -0.000 
G08 2022  62          24927 GPS  -9.264 -9.230 -0.000 
G08 2022  62          24928 GPS  -9.267 -9.230 -0.000 
G08 2022  62          24929 GPS  -9.267 -9.230 -0.000 
G08 2022  62          24930 GPS  -9.264 -9.230 -0.000 
G08 2022  62          24931 GPS  -9.266 -9.230 -0.000 
G08 2022  62          24932 GPS  -9.266 -9.230 -0.000 
G08 2022  62          24933 GPS  -9.267 -9.230 -0.000 
G08 2022  62          24934 GPS  -9.272 -9.230 -0.000 
G08 2022  62          24935 GPS  -9.276 -9.230 -0.000 
G08 2022  62          24936 GPS  -9.280 -9.230 -0.000 
G08 2022  62          24937 GPS  -9.286 -9.231 -0.000 
G08 2022  62          24938 GPS  -9.285 -9.231 -0.000 
G08 2022  62          24939 GPS  -9.286 -9.231 -0.000 
G08 2022  62          24940 GPS  -9.287 -9.231 -0.000 
G08 2022  62          24941 GPS  -9.287 -9.231 -0.000 
G08 2022  62          24942 GPS  -9.283 -9.231 -0.000 
G08 2022  62          24943 GPS  -9.285 -9.231 -0.000 
G08 2022  62          24944 GPS  -9.287 -9.231 -0.000 
G08 2022  62          24945 GPS  -9.288 -9.232 -0.000 
G08 2022  62          24946 GPS  -9.290 -9.232 -0.000 
G08 2022  62          24947 GPS  -9.298 -9.232 -0.000 
G08 2022  62          24948 GPS  -9.300 -9.232 -0.000 
G08 2022  62          24949 GPS  -9.299 -9.232 -0.000 
G08 2022  62          24950 GPS  -9.297 -9.232 -0.000 
G08 2022  62          24951 GPS  -9.294 -9.232 -0.000 
G08 2022  62          24952 GPS  -9.295 -9.233 -0.000 
G08 2022  62          24953 GPS  -9.294 -9.233 -0.000 
G08 2022  62          24954 GPS  -9.292 -9.233 -0.000 
G08 2022  62          24955 GPS  -9.291 -9.233 -0.000 
G08 2022  62          24956 GPS  -9.291 -9.233 -0.000 
G08 2022  62          24957 GPS  -9.291 -9.233 -0.000 
G08 2022  62          24958 GPS  -9.290 -9.233 -0.000 
G08 2022  62          24959 GPS  -9.287 -9.233 -0.000 
G08 2022  62          24960 GPS  -9.287 -9.234 -0.000 
G08 2022  62          24961 GPS  -9.289 -9.234 -0.000 
G08 2022  62          24962 GPS  -9.283 -9.234 -0.000 
G08 2022  62          24963 GPS  -9.283 -9.234 -0.000 
G08 2022  62          24964 GPS  -9.281 -9.234 -0.000 
G08 2022  62          24965 GPS  -9.282 -9.234 -0.000 
G08 2022  62          24966 GPS  -9.286 -9.234 -0.000 
G08 2022  62          24967 GPS  -9.291 -9.234 -0.000 
G08 2022  62          24968 GPS  -9.292 -9.235 -0.000 
G08 2022  62          24969 GPS  -9.295 -9.235 -0.000 
G08 2022  62          24970 GPS  -9.295 -9.235 -0.000 
G08 2022  62          24971 GPS  -9.294 -9.235 -0.000 
G08 2022  62          24972 GPS  -9.294 -9.235 -0.000 
G08 2022  62          24973 GPS  -9.294 -9.235 -0.000 
G08 2022  62          24974 GPS  -9.296 -9.235 -0.000 
G08 2022  62          24975 GPS  -9.297 -9.235 -0.000 
G08 2022  62          24976 GPS  -9.301 -9.236 -0.000 
G08 2022  62          24977 GPS  -9.297 -9.236 -0.000 
G08 2022  62          24978 GPS  -9.296 -9.236 -0.000 
G08 2022  62          24979 GPS  -9.296 -9.236 -0.000 
G08 2022  62          24980 GPS  -9.296 -9.236 -0.000 
G08 2022  62          24981 GPS  -9.294 -9.236 -0.000 
G08 2022  62          24982 GPS  -9.295 -9.236 -0.000 
G08 2022  62          24983 GPS  -9.292 -9.236 -0.000 
G08 2022  62          24984 GPS  -9.291 -9.237 -0.000 
G08 2022  62          24985 GPS  -9.289 -9.237 -0.000 
G08 2022  62          24986 GPS  -9.289 -9.237 -0.000 
G08 2022  62          24987 GPS  -9.292 -9.237 -0.000 
G08 2022  62          24988 GPS  -9.294 -9.237 -0.000 
G08 2022  62          24989 GPS  -9.289 -9.237 -0.000 
G08 2022  62          24990 GPS  -9.286 -9.237 -0.000 
G08 2022  62          24991 GPS  -9.286 -9.237 -0.000 
G08 2022  62          24992 GPS  -9.291 -9.238 -0.000 
G08 2022  62          24993 GPS  -9.294 -9.238 -0.000 
G08 2022  62          24994 GPS  -9.302 -9.238 -0.000 
G08 2022  62          24995 GPS  -9.304 -9.238 -0.000 
G08 2022  62          24996 GPS  -9.307 -9.238 -0.000 
G08 2022  62          24997 GPS  -9.307 -9.238 -0.000 
G08 2022  62          24998 GPS  -9.309 -9.238 -0.000 
G08 2022  62          24999 GPS  -9.310 -9.238 -0.000 
G08 2022  62          25000 GPS  -9.310 -9.239 -0.000 
G08 2022  62          25001 GPS  -9.307 -9.239 -0.000 
G08 2022  62          25002 GPS  -9.304 -9.239 -0.000 
G08 2022  62          25003 GPS  -9.306 -9.239 -0.000 
G08 2022  62          25004 GPS  -9.307 -9.239 -0.000 
G08 2022  62          25005 GPS  -9.312 -9.239 -0.000 
G08 2022  62          25006 GPS  -9.315 -9.239 -0.000 
G08 2022  62          25007 GPS  -9.313 -9.240 -0.000 
G08 2022  62          25008 GPS  -9.312 -9.240 -0.000 
G08 2022  62          25009 GPS  -9.310 -9.240 -0.000 
G08 2022  62          25010 GPS  -9.306 -9.240 -0.000 
G08 2022  62          25011 GPS  -9.302 -9.240 -0.000 
G08 2022  62          25012 GPS  -9.303 -9.240 -0.000 
G08 2022  62          25013 GPS  -9.304 -9.240 -0.000 
G08 2022  62          25014 GPS  -9.312 -9.241 -0.000 
G08 2022  62          25015 GPS  -9.315 -9.241 -0.000 
G08 2022  62          25016 GPS  -9.314 -9.241 -0.000 
G08 2022  62          25017 GPS  -9.311 -9.241 -0.000 
G08 2022  62          25018 GPS  -9.311 -9.241 -0.000 
G08 2022  62          25019 GPS  -9.307 -9.241 -0.000 
G08 2022  62          25020 GPS  -9.303 -9.241 -0.000 
G08 2022  62          25021 GPS  -9.297 -9.242 -0.000 
G08 2022  62          25022 GPS  -9.295 -9.242 -0.000 
G08 2022  62          25023 GPS  -9.287 -9.242 -0.000 
G08 2022  62          25024 GPS  -9.287 -9.242 -0.000 
G08 2022  62          25025 GPS  -9.289 -9.242 -0.000 
G08 2022  62          25026 GPS  -9.294 -9.242 -0.000 
G08 2022  62          25027 GPS  -9.293 -9.242 -0.000 
G08 2022  62          25028 GPS  -9.297 -9.242 -0.000 
G08 2022  62          25029 GPS  -9.295 -9.242 -0.000 
G08 2022  62          25030 GPS  -9.294 -9.242 -0.000 
G08 2022  62          25031 GPS  -9.297 -9.243 -0.000 
G08 2022  62          25032 GPS  -9.299 -9.243 -0.000 
G08 2022  62          25033 GPS  -9.302 -9.243 -0.000 
G08 2022  62          25034 GPS  -9.306 -9.243 -0.000 
G08 2022  62          25035 GPS  -9.306 -9.243 -0.000 
G08 2022  62          25036 GPS  -9.307 -9.243 -0.000 
G08 2022  62          25037 GPS  -9.311 -9.243 -0.000 
G08 2022  62          25038 GPS  -9.313 -9.243 -0.000 
G08 2022  62          25039 GPS  -9.305 -9.243 -0.000 
G08 2022  62          25040 GPS  -9.299 -9.244 -0.000 
G08 2022  62          25041 GPS  -9.295 -9.244 -0.000 
G08 2022  62          25042 GPS  -9.285 -9.244 -0.000 
G08 2022  62          25043 GPS  -9.285 -9.244 -0.000 
G08 2022  62          25044 GPS  -9.278 -9.244 -0.000 
G08 2022  62          25045 GPS  -9.279 -9.244 -0.000 
G08 2022  62          25046 GPS  -9.281 -9.244 -0.000 
G08 2022  62          25047 GPS  -9.285 -9.244 -0.000 
G08 2022  62          25048 GPS  -9.287 -9.244 -0.000 
G08 2022  62          25049 GPS  -9.283 -9.244 -0.000 
G08 2022  62          25050 GPS  -9.279 -9.244 -0.000 
G08 2022  62          25051 GPS  -9.279 -9.244 -0.000 
G08 2022  62          25052 GPS  -9.271 -9.244 -0.000 
G08 2022  62          25053 GPS  -9.266 -9.244 -0.000 
G08 2022  62          25054 GPS  -9.267 -9.245 -0.000 
G08 2022  62          25055 GPS  -9.264 -9.245 -0.000 
G08 2022  62          25056 GPS  -9.261 -9.245 -0.000 
G08 2022  62          25057 GPS  -9.263 -9.245 -0.000 
G08 2022  62          25058 GPS  -9.259 -9.245 -0.000 
G08 2022  62          25059 GPS  -9.257 -9.245 -0.000 
G08 2022  62          25060 GPS  -9.259 -9.245 -0.000 
G08 2022  62          25061 GPS  -9.259 -9.245 -0.000 
G08 2022  62          25062 GPS  -9.257 -9.245 -0.000 
G08 2022  62          25063 GPS  -9.257 -9.245 -0.000 
G08 2022  62          25064 GPS  -9.261 -9.245 -0.000 
G08 2022  62          25065 GPS  -9.263 -9.245 -0.000 
G08 2022  62          25066 GPS  -9.272 -9.245 -0.000 
G08 2022  62          25067 GPS  -9.274 -9.245 -0.000 
G08 2022  62          25068 GPS  -9.272 -9.245 -0.000 
G08 2022  62          25069 GPS  -9.270 -9.245 -0.000 
G08 2022  62          25070 GPS  -9.270 -9.245 -0.000 
G08 2022  62          25071 GPS  -9.269 -9.245 -0.000 
G08 2022  62          25072 GPS  -9.266 -9.245 -0.000 
G08 2022  62          25073 GPS  -9.265 -9.245 -0.000 
G08 2022  62          25074 GPS  -9.269 -9.245 -0.000 
G08 2022  62          25075 GPS  -9.278 -9.245 -0.000 
G08 2022  62          25076 GPS  -9.286 -9.245 -0.000 
G08 2022  62          25077 GPS  -9.289 -9.245 -0.000 
G08 2022  62          25078 GPS  -9.292 -9.246 -0.000 
G08 2022  62          25079 GPS  -9.292 -9.246 -0.000 
G08 2022  62          25080 GPS  -9.298 -9.246 -0.000 
G08 2022  62          25081 GPS  -9.301 -9.246 -0.000 
G08 2022  62          25082 GPS  -9.304 -9.246 -0.000 
G08 2022  62          25083 GPS  -9.306 -9.246 -0.000 
G08 2022  62          25084 GPS  -9.313 -9.246 -0.000 
G08 2022  62          25085 GPS  -9.311 -9.246 -0.000 
G08 2022  62          25086 GPS  -9.311 -9.246 -0.000 
G08 2022  62          25087 GPS  -9.311 -9.246 -0.000 
G08 2022  62          25088 GPS  -9.315 -9.247 -0.000 
G08 2022  62          25089 GPS  -9.312 -9.247 -0.000 
G08 2022  62          25090 GPS  -9.312 -9.247 -0.000 
G08 2022  62          25091 GPS  -9.318 -9.247 -0.000 
G08 2022  62          25092 GPS  -9.317 -9.247 -0.000 
G08 2022  62          25093 GPS  -9.321 -9.247 -0.000 
G08 2022  62          25094 GPS  -9.327 -9.247 -0.000 
G08 2022  62          25095 GPS  -9.325 -9.247 -0.000 
G08 2022  62          25096 GPS  -9.329 -9.248 -0.000 
G08 2022  62          25097 GPS  -9.328 -9.248 -0.000 
G08 2022  62          25098 GPS  -9.335 -9.248 -0.000 
G08 2022  62          25099 GPS  -9.335 -9.248 -0.000 
G08 2022  62          25100 GPS  -9.336 -9.248 -0.000 
G08 2022  62          25101 GPS  -9.335 -9.248 -0.000 
G08 2022  62          25102 GPS  -9.338 -9.249 -0.000 
G08 2022  62          25103 GPS  -9.340 -9.249 -0.000 
G08 2022  62          25104 GPS  -9.341 -9.249 -0.000 
G08 2022  62          25105 GPS  -9.349 -9.249 -0.000 
G08 2022  62          25106 GPS  -9.353 -9.249 -0.000 
G08 2022  62          25107 GPS  -9.353 -9.249 -0.000 
G08 2022  62          25108 GPS  -9.354 -9.250 -0.000 
G08 2022  62          25109 GPS  -9.351 -9.250 -0.000 
G08 2022  62          25110 GPS  -9.346 -9.250 -0.000 
G08 2022  62          25111 GPS  -9.344 -9.250 -0.000 
G08 2022  62          25112 GPS  -9.344 -9.250 -0.000 
G08 2022  62          25113 GPS  -9.347 -9.250 -0.000 
G08 2022  62          25114 GPS  -9.348 -9.250 -0.000 
G08 2022  62          25115 GPS  -9.343 -9.251 -0.000 
G08 2022  62          25116 GPS  -9.344 -9.251 -0.000 
G08 2022  62          25117 GPS  -9.343 -9.251 -0.000 
G08 2022  62          25118 GPS  -9.341 -9.251 -0.000 
G08 2022  62          25119 GPS  -9.335 -9.251 -0.000 
G08 2022  62          25120 GPS  -9.330 -9.251 -0.000 
G08 2022  62          25121 GPS  -9.333 -9.252 -0.000 
G08 2022  62          25122 GPS  -9.324 -9.252 -0.000 
G08 2022  62          25123 GPS  -9.319 -9.252 -0.000 
G08 2022  62          25124 GPS  -9.314 -9.252 -0.000 
G08 2022  62          25125 GPS  -9.317 -9.252 -0.000 
G08 2022  62          25126 GPS  -9.315 -9.252 -0.000 
G08 2022  62          25127 GPS  -9.311 -9.252 -0.000 
G08 2022  62          25128 GPS  -9.311 -9.252 -0.000 
G08 2022  62          25129 GPS  -9.308 -9.252 -0.000 
G08 2022  62          25130 GPS  -9.307 -9.252 -0.000 
G08 2022  62          25131 GPS  -9.302 -9.253 -0.000 
G08 2022  62          25132 GPS  -9.304 -9.253 -0.000 
G08 2022  62          25133 GPS  -9.304 -9.253 -0.000 
G08 2022  62          25134 GPS  -9.303 -9.253 -0.000 
G08 2022  62          25135 GPS  -9.307 -9.253 -0.000 
G08 2022  62          25136 GPS  -9.312 -9.253 -0.000 
G08 2022  62          25137 GPS  -9.308 -9.253 -0.000 
G08 2022  62          25138 GPS  -9.307 -9.253 -0.000 
G08 2022  62          25139 GPS  -9.304 -9.253 -0.000 
G08 2022  62          25140 GPS  -9.303 -9.253 -0.000 
G08 2022  62          25141 GPS  -9.301 -9.253 -0.000 
G08 2022  62          25142 GPS  -9.296 -9.253 -0.000 
G08 2022  62          25143 GPS  -9.294 -9.253 -0.000 
G08 2022  62          25144 GPS  -9.297 -9.254 -0.000 
G08 2022  62          25145 GPS  -9.296 -9.254 -0.000 
G08 2022  62          25146 GPS  -9.299 -9.254 -0.000 
G08 2022  62          25147 GPS  -9.299 -9.254 -0.000 
G08 2022  62          25148 GPS  -9.296 -9.254 -0.000 
G08 2022  62          25149 GPS  -9.290 -9.254 -0.000 
G08 2022  62          25150 GPS  -9.286 -9.254 -0.000 
G08 2022  62          25151 GPS  -9.286 -9.254 -0.000 
G08 2022  62          25152 GPS  -9.284 -9.254 -0.000 
G08 2022  62          25153 GPS  -9.283 -9.254 -0.000 
G08 2022  62          25154 GPS  -9.285 -9.254 -0.000 
G08 2022  62          25155 GPS  -9.288 -9.254 -0.000 
G08 2022  62          25156 GPS  -9.291 -9.254 -0.000 
G08 2022  62          25157 GPS  -9.289 -9.254 -0.000 
G08 2022  62          25158 GPS  -9.289 -9.254 -0.000 
G08 2022  62          25159 GPS  -9.283 -9.254 -0.000 
G08 2022  62          25160 GPS  -9.284 -9.254 -0.000 
G08 2022  62          25161 GPS  -9.283 -9.254 -0.000 
G08 2022  62          25162 GPS  -9.277 -9.255 -0.000 
G08 2022  62          25163 GPS  -9.280 -9.255 -0.000 
G08 2022  62          25164 GPS  -9.276 -9.255 -0.000 
G08 2022  62          25165 GPS  -9.276 -9.255 -0.000 
G08 2022  62          25166 GPS  -9.276 -9.255 -0.000 
G08 2022  62          25167 GPS  -9.275 -9.255 -0.000 
G08 2022  62          25168 GPS  -9.279 -9.255 -0.000 
G08 2022  62          25169 GPS  -9.281 -9.255 -0.000 
G08 2022  62          25170 GPS  -9.277 -9.255 -0.000 
G08 2022  62          25171 GPS  -9.279 -9.255 -0.000 
G08 2022  62          25172 GPS  -9.283 -9.255 -0.000 
G08 2022  62          25173 GPS  -9.281 -9.255 -0.000 
G08 2022  62          25174 GPS  -9.276 -9.255 -0.000 
G08 2022  62          25175 GPS  -9.275 -9.255 -0.000 
G08 2022  62          25176 GPS  -9.270 -9.255 -0.000 
G08 2022  62          25177 GPS  -9.269 -9.255 -0.000 
G08 2022  62          25178 GPS  -9.267 -9.255 -0.000 
G08 2022  62          25179 GPS  -9.263 -9.255 -0.000 
G08 2022  62          25180 GPS  -9.261 -9.255 -0.000 
G08 2022  62          25181 GPS  -9.262 -9.255 -0.000 
G08 2022  62          25182 GPS  -9.264 -9.255 -0.000 
G08 2022  62          25183 GPS  -9.263 -9.255 -0.000 
G08 2022  62          25184 GPS  -9.259 -9.255 -0.000 
G08 2022  62          25185 GPS  -9.262 -9.255 -0.000 
G08 2022  62          25186 GPS  -9.267 -9.255 -0.000 
G08 2022  62          25187 GPS  -9.264 -9.255 -0.000 
G08 2022  62          25188 GPS  -9.257 -9.255 -0.000 
G08 2022  62          25189 GPS  -9.255 -9.255 -0.000 
G08 2022  62          25190 GPS  -9.256 -9.255 -0.000 
G08 2022  62          25191 GPS  -9.255 -9.255 -0.000 
G08 2022  62          25192 GPS  -9.253 -9.255 -0.000 
G08 2022  62          25193 GPS  -9.250 -9.255 -0.000 
G08 2022  62          25194 GPS  -9.248 -9.255 -0.000 
G08 2022  62          25195 GPS  -9.251 -9.255 -0.000 
G08 2022  62          25196 GPS  -9.253 -9.255 -0.000 
G08 2022  62          25197 GPS  -9.256 -9.255 -0.000 
G08 2022  62          25198 GPS  -9.255 -9.255 -0.000 
G08 2022  62          25199 GPS  -9.253 -9.255 -0.000 
G08 2022  62          25200 GPS  -9.249 -9.255 -0.000 
