G09 2022  62          24517 GPS  -21.228 -21.228 -21.228 
G09 2022  62          24518 GPS  -21.221 -21.225 -0.000 
G09 2022  62          24519 GPS  -21.223 -21.224 -0.000 
G09 2022  62          24520 GPS  -21.221 -21.223 -0.000 
G09 2022  62          24521 GPS  -21.218 -21.222 -0.000 
G09 2022  62          24522 GPS  -21.215 -21.221 -0.000 
G09 2022  62          24523 GPS  -21.204 -21.219 -0.000 
G09 2022  62          24524 GPS  -21.208 -21.217 -0.000 
G09 2022  62          24525 GPS  -21.220 -21.218 -0.000 
G09 2022  62          24526 GPS  -21.242 -21.220 -0.000 
G09 2022  62          24527 GPS  -21.246 -21.222 -0.000 
G09 2022  62          24528 GPS  -21.251 -21.225 -0.000 
G09 2022  62          24529 GPS  -21.238 -21.226 -0.000 
G09 2022  62          24530 GPS  -21.215 -21.225 -0.000 
G09 2022  62          24531 GPS  -21.180 -21.222 -0.000 
G09 2022  62          24532 GPS  -21.163 -21.218 -0.000 
G09 2022  62          24533 GPS  -21.161 -21.215 -0.000 
G09 2022  62          24534 GPS  -21.159 -21.212 -0.000 
G09 2022  62          24535 GPS  -21.151 -21.209 -0.000 
G09 2022  62          24536 GPS  -21.139 -21.205 -0.000 
G09 2022  62          24537 GPS  -21.138 -21.202 -0.000 
G09 2022  62          24538 GPS  -21.140 -21.199 -0.000 
G09 2022  62          24539 GPS  -21.127 -21.196 -0.000 
G09 2022  62          24540 GPS  -21.103 -21.192 -0.000 
G09 2022  62          24541 GPS  -21.082 -21.188 -0.000 
G09 2022  62          24542 GPS  -21.075 -21.183 -0.000 
G09 2022  62          24543 GPS  -21.051 -21.179 -0.000 
G09 2022  62          24544 GPS  -21.058 -21.174 -0.000 
G09 2022  62          24545 GPS  -21.065 -21.170 -0.000 
G09 2022  62          24546 GPS  -21.075 -21.167 -0.000 
G09 2022  62          24547 GPS  -21.066 -21.164 -0.000 
G09 2022  62          24548 GPS  -21.033 -21.160 -0.000 
G09 2022  62          24549 GPS  -21.018 -21.156 -0.000 
G09 2022  62          24550 GPS  -21.010 -21.151 -0.000 
G09 2022  62          24551 GPS  -20.990 -21.147 -0.000 
G09 2022  62          24552 GPS  -20.998 -21.143 -0.000 
G09 2022  62          24553 GPS  -21.021 -21.139 -0.000 
G09 2022  62          24554 GPS  -21.022 -21.136 -0.000 
G09 2022  62          24555 GPS  -21.008 -21.133 -0.000 
G09 2022  62          24556 GPS  -21.015 -21.130 -0.000 
G09 2022  62          24557 GPS  -21.015 -21.127 -0.000 
G09 2022  62          24558 GPS  -21.016 -21.125 -0.000 
G09 2022  62          24559 GPS  -21.002 -21.122 -0.000 
G09 2022  62          24560 GPS  -20.994 -21.119 -0.000 
G09 2022  62          24561 GPS  -20.982 -21.116 -0.000 
G09 2022  62          24562 GPS  -20.989 -21.113 -0.000 
G09 2022  62          24563 GPS  -20.986 -21.110 -0.000 
G09 2022  62          24564 GPS  -20.979 -21.108 -0.000 
G09 2022  62          24565 GPS  -20.981 -21.105 -0.000 
G09 2022  62          24566 GPS  -20.971 -21.102 -0.000 
G09 2022  62          24567 GPS  -20.958 -21.099 -0.000 
G09 2022  62          24568 GPS  -20.972 -21.097 -0.000 
G09 2022  62          24569 GPS  -20.979 -21.095 -0.000 
G09 2022  62          24570 GPS  -20.988 -21.093 -0.000 
G09 2022  62          24571 GPS  -20.987 -21.091 -0.000 
G09 2022  62          24572 GPS  -20.991 -21.089 -0.000 
G09 2022  62          24573 GPS  -20.997 -21.087 -0.000 
G09 2022  62          24574 GPS  -20.998 -21.086 -0.000 
G09 2022  62          24575 GPS  -21.014 -21.085 -0.000 
G09 2022  62          24576 GPS  -21.030 -21.084 -0.000 
G09 2022  62          24577 GPS  -21.036 -21.083 -0.000 
G09 2022  62          24578 GPS  -21.041 -21.082 -0.000 
G09 2022  62          24579 GPS  -21.048 -21.082 -0.000 
G09 2022  62          24580 GPS  -21.043 -21.081 -0.000 
G09 2022  62          24581 GPS  -21.067 -21.081 -0.000 
G09 2022  62          24582 GPS  -21.073 -21.081 -0.000 
G09 2022  62          24583 GPS  -21.091 -21.081 -0.000 
G09 2022  62          24584 GPS  -21.102 -21.081 -0.000 
G09 2022  62          24585 GPS  -21.105 -21.082 -0.000 
G09 2022  62          24586 GPS  -21.106 -21.082 -0.000 
G09 2022  62          24587 GPS  -21.097 -21.082 -0.000 
G09 2022  62          24588 GPS  -21.108 -21.083 -0.000 
G09 2022  62          24589 GPS  -21.113 -21.083 -0.000 
G09 2022  62          24590 GPS  -21.111 -21.083 -0.000 
G09 2022  62          24591 GPS  -21.120 -21.084 -0.000 
G09 2022  62          24592 GPS  -21.121 -21.084 -0.000 
G09 2022  62          24593 GPS  -21.115 -21.085 -0.000 
G09 2022  62          24594 GPS  -21.124 -21.085 -0.000 
G09 2022  62          24595 GPS  -21.117 -21.086 -0.000 
G09 2022  62          24596 GPS  -21.141 -21.086 -0.000 
G09 2022  62          24597 GPS  -21.149 -21.087 -0.000 
G09 2022  62          24598 GPS  -21.135 -21.088 -0.000 
G09 2022  62          24599 GPS  -21.134 -21.088 -0.000 
G09 2022  62          24600 GPS  -21.145 -21.089 -0.000 
G09 2022  62          24601 GPS  -21.157 -21.090 -0.000 
G09 2022  62          24602 GPS  -21.176 -21.091 -0.000 
G09 2022  62          24603 GPS  -21.158 -21.092 -0.000 
G09 2022  62          24604 GPS  -21.163 -21.092 -0.000 
G09 2022  62          24605 GPS  -21.155 -21.093 -0.000 
G09 2022  62          24606 GPS  -21.130 -21.093 -0.000 
G09 2022  62          24607 GPS  -21.122 -21.094 -0.000 
G09 2022  62          24608 GPS  -21.113 -21.094 -0.000 
G09 2022  62          24609 GPS  -21.083 -21.094 -0.000 
G09 2022  62          24610 GPS  -21.071 -21.094 -0.000 
G09 2022  62          24611 GPS  -21.069 -21.093 -0.000 
G09 2022  62          24612 GPS  -21.058 -21.093 -0.000 
G09 2022  62          24613 GPS  -21.038 -21.092 -0.000 
G09 2022  62          24614 GPS  -21.043 -21.092 -0.000 
G09 2022  62          24615 GPS  -21.041 -21.091 -0.000 
G09 2022  62          24616 GPS  -21.040 -21.091 -0.000 
G09 2022  62          24617 GPS  -21.049 -21.090 -0.000 
G09 2022  62          24618 GPS  -21.035 -21.090 -0.000 
G09 2022  62          24619 GPS  -21.005 -21.089 -0.000 
G09 2022  62          24620 GPS  -21.007 -21.088 -0.000 
G09 2022  62          24621 GPS  -21.022 -21.088 -0.000 
G09 2022  62          24622 GPS  -21.026 -21.087 -0.000 
G09 2022  62          24623 GPS  -21.033 -21.087 -0.000 
G09 2022  62          24624 GPS  -21.021 -21.086 -0.000 
G09 2022  62          24625 GPS  -21.004 -21.085 -0.000 
G09 2022  62          24626 GPS  -20.990 -21.084 -0.000 
G09 2022  62          24627 GPS  -21.016 -21.084 -0.000 
G09 2022  62          24628 GPS  -21.015 -21.083 -0.000 
G09 2022  62          24629 GPS  -21.006 -21.082 -0.000 
G09 2022  62          24630 GPS  -20.995 -21.082 -0.000 
G09 2022  62          24631 GPS  -20.991 -21.081 -0.000 
G09 2022  62          24632 GPS  -20.996 -21.080 -0.000 
G09 2022  62          24633 GPS  -21.016 -21.080 -0.000 
G09 2022  62          24634 GPS  -21.010 -21.079 -0.000 
G09 2022  62          24635 GPS  -20.985 -21.078 -0.000 
G09 2022  62          24636 GPS  -20.990 -21.078 -0.000 
G09 2022  62          24637 GPS  -20.987 -21.077 -0.000 
G09 2022  62          24638 GPS  -20.988 -21.076 -0.000 
G09 2022  62          24639 GPS  -20.982 -21.075 -0.000 
G09 2022  62          24640 GPS  -20.984 -21.075 -0.000 
G09 2022  62          24641 GPS  -20.962 -21.074 -0.000 
G09 2022  62          24642 GPS  -20.946 -21.073 -0.000 
G09 2022  62          24643 GPS  -20.945 -21.072 -0.000 
G09 2022  62          24644 GPS  -20.964 -21.071 -0.000 
G09 2022  62          24645 GPS  -20.973 -21.070 -0.000 
G09 2022  62          24646 GPS  -20.982 -21.069 -0.000 
G09 2022  62          24647 GPS  -20.977 -21.069 -0.000 
G09 2022  62          24648 GPS  -20.992 -21.068 -0.000 
G09 2022  62          24649 GPS  -21.012 -21.068 -0.000 
G09 2022  62          24650 GPS  -21.014 -21.067 -0.000 
G09 2022  62          24651 GPS  -21.016 -21.067 -0.000 
G09 2022  62          24652 GPS  -21.015 -21.066 -0.000 
G09 2022  62          24653 GPS  -21.020 -21.066 -0.000 
G09 2022  62          24654 GPS  -21.019 -21.066 -0.000 
G09 2022  62          24655 GPS  -21.020 -21.065 -0.000 
G09 2022  62          24656 GPS  -21.034 -21.065 -0.000 
G09 2022  62          24657 GPS  -21.061 -21.065 -0.000 
G09 2022  62          24658 GPS  -21.075 -21.065 -0.000 
G09 2022  62          24659 GPS  -21.094 -21.065 -0.000 
G09 2022  62          24660 GPS  -21.094 -21.066 -0.000 
G09 2022  62          24661 GPS  -21.092 -21.066 -0.000 
G09 2022  62          24662 GPS  -21.092 -21.066 -0.000 
G09 2022  62          24663 GPS  -21.092 -21.066 -0.000 
G09 2022  62          24664 GPS  -21.097 -21.066 -0.000 
G09 2022  62          24665 GPS  -21.099 -21.067 -0.000 
G09 2022  62          24666 GPS  -21.109 -21.067 -0.000 
G09 2022  62          24667 GPS  -21.120 -21.067 -0.000 
G09 2022  62          24668 GPS  -21.121 -21.068 -0.000 
G09 2022  62          24669 GPS  -21.132 -21.068 -0.000 
G09 2022  62          24670 GPS  -21.130 -21.068 -0.000 
G09 2022  62          24671 GPS  -21.123 -21.069 -0.000 
G09 2022  62          24672 GPS  -21.125 -21.069 -0.000 
G09 2022  62          24673 GPS  -21.141 -21.070 -0.000 
G09 2022  62          24674 GPS  -21.136 -21.070 -0.000 
G09 2022  62          24675 GPS  -21.143 -21.070 -0.000 
G09 2022  62          24676 GPS  -21.158 -21.071 -0.000 
G09 2022  62          24677 GPS  -21.156 -21.072 -0.000 
G09 2022  62          24678 GPS  -21.169 -21.072 -0.000 
G09 2022  62          24679 GPS  -21.178 -21.073 -0.000 
G09 2022  62          24680 GPS  -21.181 -21.073 -0.000 
G09 2022  62          24681 GPS  -21.171 -21.074 -0.000 
G09 2022  62          24682 GPS  -21.161 -21.075 -0.000 
G09 2022  62          24683 GPS  -21.161 -21.075 -0.000 
G09 2022  62          24684 GPS  -21.157 -21.076 -0.000 
G09 2022  62          24685 GPS  -21.155 -21.076 -0.000 
G09 2022  62          24686 GPS  -21.139 -21.076 -0.000 
G09 2022  62          24687 GPS  -21.137 -21.077 -0.000 
G09 2022  62          24688 GPS  -21.129 -21.077 -0.000 
G09 2022  62          24689 GPS  -21.133 -21.077 -0.000 
G09 2022  62          24690 GPS  -21.130 -21.078 -0.000 
G09 2022  62          24691 GPS  -21.120 -21.078 -0.000 
G09 2022  62          24692 GPS  -21.112 -21.078 -0.000 
G09 2022  62          24693 GPS  -21.112 -21.078 -0.000 
G09 2022  62          24694 GPS  -21.123 -21.079 -0.000 
G09 2022  62          24695 GPS  -21.110 -21.079 -0.000 
G09 2022  62          24696 GPS  -21.113 -21.079 -0.000 
G09 2022  62          24697 GPS  -21.125 -21.079 -0.000 
G09 2022  62          24698 GPS  -21.142 -21.080 -0.000 
G09 2022  62          24699 GPS  -21.147 -21.080 -0.000 
G09 2022  62          24700 GPS  -21.142 -21.080 -0.000 
G09 2022  62          24701 GPS  -21.134 -21.081 -0.000 
G09 2022  62          24702 GPS  -21.131 -21.081 -0.000 
G09 2022  62          24703 GPS  -21.135 -21.081 -0.000 
G09 2022  62          24704 GPS  -21.148 -21.081 -0.000 
G09 2022  62          24705 GPS  -21.133 -21.082 -0.000 
G09 2022  62          24706 GPS  -21.129 -21.082 -0.000 
G09 2022  62          24707 GPS  -21.122 -21.082 -0.000 
G09 2022  62          24708 GPS  -21.141 -21.083 -0.000 
G09 2022  62          24709 GPS  -21.161 -21.083 -0.000 
G09 2022  62          24710 GPS  -21.167 -21.083 -0.000 
G09 2022  62          24711 GPS  -21.166 -21.084 -0.000 
G09 2022  62          24712 GPS  -21.168 -21.084 -0.000 
G09 2022  62          24713 GPS  -21.181 -21.085 -0.000 
G09 2022  62          24714 GPS  -21.183 -21.085 -0.000 
G09 2022  62          24715 GPS  -21.168 -21.086 -0.000 
G09 2022  62          24716 GPS  -21.138 -21.086 -0.000 
G09 2022  62          24717 GPS  -21.139 -21.086 -0.000 
G09 2022  62          24718 GPS  -21.121 -21.086 -0.000 
G09 2022  62          24719 GPS  -21.132 -21.087 -0.000 
G09 2022  62          24720 GPS  -21.145 -21.087 -0.000 
G09 2022  62          24721 GPS  -21.128 -21.087 -0.000 
G09 2022  62          24722 GPS  -21.113 -21.087 -0.000 
G09 2022  62          24723 GPS  -21.108 -21.087 -0.000 
G09 2022  62          24724 GPS  -21.101 -21.087 -0.000 
G09 2022  62          24725 GPS  -21.094 -21.087 -0.000 
G09 2022  62          24726 GPS  -21.084 -21.087 -0.000 
G09 2022  62          24727 GPS  -21.091 -21.087 -0.000 
G09 2022  62          24728 GPS  -21.113 -21.087 -0.000 
G09 2022  62          24729 GPS  -21.120 -21.088 -0.000 
G09 2022  62          24730 GPS  -21.119 -21.088 -0.000 
G09 2022  62          24731 GPS  -21.107 -21.088 -0.000 
G09 2022  62          24732 GPS  -21.111 -21.088 -0.000 
G09 2022  62          24733 GPS  -21.105 -21.088 -0.000 
G09 2022  62          24734 GPS  -21.110 -21.088 -0.000 
G09 2022  62          24735 GPS  -21.110 -21.088 -0.000 
G09 2022  62          24736 GPS  -21.121 -21.088 -0.000 
G09 2022  62          24737 GPS  -21.131 -21.089 -0.000 
G09 2022  62          24738 GPS  -21.138 -21.089 -0.000 
G09 2022  62          24739 GPS  -21.124 -21.089 -0.000 
G09 2022  62          24740 GPS  -21.114 -21.089 -0.000 
G09 2022  62          24741 GPS  -21.119 -21.089 -0.000 
G09 2022  62          24742 GPS  -21.134 -21.089 -0.000 
G09 2022  62          24743 GPS  -21.146 -21.090 -0.000 
G09 2022  62          24744 GPS  -21.150 -21.090 -0.000 
G09 2022  62          24745 GPS  -21.146 -21.090 -0.000 
G09 2022  62          24746 GPS  -21.144 -21.090 -0.000 
G09 2022  62          24747 GPS  -21.146 -21.091 -0.000 
G09 2022  62          24748 GPS  -21.154 -21.091 -0.000 
G09 2022  62          24749 GPS  -21.148 -21.091 -0.000 
G09 2022  62          24750 GPS  -21.132 -21.091 -0.000 
G09 2022  62          24751 GPS  -21.139 -21.092 -0.000 
G09 2022  62          24752 GPS  -21.126 -21.092 -0.000 
G09 2022  62          24753 GPS  -21.122 -21.092 -0.000 
G09 2022  62          24754 GPS  -21.137 -21.092 -0.000 
G09 2022  62          24755 GPS  -21.156 -21.092 -0.000 
G09 2022  62          24756 GPS  -21.171 -21.093 -0.000 
G09 2022  62          24757 GPS  -21.172 -21.093 -0.000 
G09 2022  62          24758 GPS  -21.162 -21.093 -0.000 
G09 2022  62          24759 GPS  -21.173 -21.094 -0.000 
G09 2022  62          24760 GPS  -21.170 -21.094 -0.000 
G09 2022  62          24761 GPS  -21.180 -21.094 -0.000 
G09 2022  62          24762 GPS  -21.167 -21.094 -0.000 
G09 2022  62          24763 GPS  -21.157 -21.095 -0.000 
G09 2022  62          24764 GPS  -21.158 -21.095 -0.000 
G09 2022  62          24765 GPS  -21.159 -21.095 -0.000 
G09 2022  62          24766 GPS  -21.169 -21.096 -0.000 
G09 2022  62          24767 GPS  -21.166 -21.096 -0.000 
G09 2022  62          24768 GPS  -21.168 -21.096 -0.000 
G09 2022  62          24769 GPS  -21.168 -21.096 -0.000 
G09 2022  62          24770 GPS  -21.161 -21.097 -0.000 
G09 2022  62          24771 GPS  -21.168 -21.097 -0.000 
G09 2022  62          24772 GPS  -21.181 -21.097 -0.000 
G09 2022  62          24773 GPS  -21.205 -21.098 -0.000 
G09 2022  62          24774 GPS  -21.210 -21.098 -0.000 
G09 2022  62          24775 GPS  -21.202 -21.099 -0.000 
G09 2022  62          24776 GPS  -21.222 -21.099 -0.000 
G09 2022  62          24777 GPS  -21.218 -21.099 -0.000 
G09 2022  62          24778 GPS  -21.213 -21.100 -0.000 
G09 2022  62          24779 GPS  -21.218 -21.100 -0.000 
G09 2022  62          24780 GPS  -21.227 -21.101 -0.000 
G09 2022  62          24781 GPS  -21.235 -21.101 -0.000 
G09 2022  62          24782 GPS  -21.242 -21.102 -0.000 
G09 2022  62          24783 GPS  -21.232 -21.102 -0.000 
G09 2022  62          24784 GPS  -21.237 -21.103 -0.000 
G09 2022  62          24785 GPS  -21.241 -21.103 -0.000 
G09 2022  62          24786 GPS  -21.270 -21.104 -0.000 
G09 2022  62          24787 GPS  -21.292 -21.105 -0.000 
G09 2022  62          24788 GPS  -21.303 -21.105 -0.000 
G09 2022  62          24789 GPS  -21.305 -21.106 -0.000 
G09 2022  62          24790 GPS  -21.316 -21.107 -0.000 
G09 2022  62          24791 GPS  -21.326 -21.108 -0.000 
G09 2022  62          24792 GPS  -21.347 -21.109 -0.000 
G09 2022  62          24793 GPS  -21.370 -21.109 -0.000 
G09 2022  62          24794 GPS  -21.397 -21.111 -0.000 
G09 2022  62          24795 GPS  -21.413 -21.112 -0.000 
G09 2022  62          24796 GPS  -21.416 -21.113 -0.000 
G09 2022  62          24797 GPS  -21.405 -21.114 -0.000 
G09 2022  62          24798 GPS  -21.405 -21.115 -0.000 
G09 2022  62          24799 GPS  -21.425 -21.116 -0.000 
G09 2022  62          24800 GPS  -21.432 -21.117 -0.000 
G09 2022  62          24801 GPS  -21.413 -21.118 -0.000 
G09 2022  62          24802 GPS  -21.438 -21.119 -0.000 
G09 2022  62          24803 GPS  -21.431 -21.120 -0.000 
G09 2022  62          24804 GPS  -21.440 -21.121 -0.000 
G09 2022  62          24805 GPS  -21.440 -21.122 -0.000 
G09 2022  62          24806 GPS  -21.466 -21.124 -0.000 
G09 2022  62          24807 GPS  -21.501 -21.125 -0.000 
G09 2022  62          24808 GPS  -21.497 -21.126 -0.000 
G09 2022  62          24809 GPS  -21.514 -21.128 -0.000 
G09 2022  62          24810 GPS  -21.504 -21.129 -0.000 
G09 2022  62          24811 GPS  -21.487 -21.130 -0.000 
G09 2022  62          24812 GPS  -21.483 -21.131 -0.000 
G09 2022  62          24813 GPS  -21.478 -21.132 -0.000 
G09 2022  62          24814 GPS  -21.464 -21.133 -0.000 
G09 2022  62          24815 GPS  -21.442 -21.135 -0.000 
G09 2022  62          24816 GPS  -21.443 -21.136 -0.000 
G09 2022  62          24817 GPS  -21.436 -21.137 -0.000 
G09 2022  62          24818 GPS  -21.441 -21.138 -0.000 
G09 2022  62          24819 GPS  -21.425 -21.138 -0.000 
G09 2022  62          24820 GPS  -21.429 -21.139 -0.000 
G09 2022  62          24821 GPS  -21.423 -21.140 -0.000 
G09 2022  62          24822 GPS  -21.415 -21.141 -0.000 
G09 2022  62          24823 GPS  -21.407 -21.142 -0.000 
G09 2022  62          24824 GPS  -21.404 -21.143 -0.000 
G09 2022  62          24825 GPS  -21.396 -21.144 -0.000 
G09 2022  62          24826 GPS  -21.403 -21.145 -0.000 
G09 2022  62          24827 GPS  -21.403 -21.145 -0.000 
G09 2022  62          24828 GPS  -21.397 -21.146 -0.000 
G09 2022  62          24829 GPS  -21.396 -21.147 -0.000 
G09 2022  62          24830 GPS  -21.386 -21.148 -0.000 
G09 2022  62          24831 GPS  -21.376 -21.149 -0.000 
G09 2022  62          24832 GPS  -21.365 -21.149 -0.000 
G09 2022  62          24833 GPS  -21.374 -21.150 -0.000 
G09 2022  62          24834 GPS  -21.381 -21.151 -0.000 
G09 2022  62          24835 GPS  -21.378 -21.151 -0.000 
G09 2022  62          24836 GPS  -21.378 -21.152 -0.000 
G09 2022  62          24837 GPS  -21.386 -21.153 -0.000 
G09 2022  62          24838 GPS  -21.404 -21.154 -0.000 
G09 2022  62          24839 GPS  -21.422 -21.154 -0.000 
G09 2022  62          24840 GPS  -21.434 -21.155 -0.000 
G09 2022  62          24841 GPS  -21.465 -21.156 -0.000 
G09 2022  62          24842 GPS  -21.467 -21.157 -0.000 
G09 2022  62          24843 GPS  -21.494 -21.158 -0.000 
G09 2022  62          24844 GPS  -21.505 -21.159 -0.000 
G09 2022  62          24845 GPS  -21.514 -21.160 -0.000 
G09 2022  62          24846 GPS  -21.534 -21.162 -0.000 
G09 2022  62          24847 GPS  -21.548 -21.163 -0.000 
G09 2022  62          24848 GPS  -21.565 -21.164 -0.000 
G09 2022  62          24849 GPS  -21.585 -21.165 -0.000 
G09 2022  62          24850 GPS  -21.610 -21.166 -0.000 
G09 2022  62          24851 GPS  -21.626 -21.168 -0.000 
G09 2022  62          24852 GPS  -21.648 -21.169 -0.000 
G09 2022  62          24853 GPS  -21.665 -21.171 -0.000 
G09 2022  62          24854 GPS  -21.673 -21.172 -0.000 
G09 2022  62          24855 GPS  -21.687 -21.174 -0.000 
G09 2022  62          24856 GPS  -21.703 -21.175 -0.000 
G09 2022  62          24857 GPS  -21.719 -21.177 -0.000 
G09 2022  62          24858 GPS  -21.747 -21.179 -0.000 
G09 2022  62          24859 GPS  -21.773 -21.180 -0.000 
G09 2022  62          24860 GPS  -21.784 -21.182 -0.000 
G09 2022  62          24861 GPS  -21.800 -21.184 -0.000 
G09 2022  62          24862 GPS  -21.807 -21.186 -0.000 
G09 2022  62          24863 GPS  -21.808 -21.187 -0.000 
G09 2022  62          24864 GPS  -21.828 -21.189 -0.000 
G09 2022  62          24865 GPS  -21.847 -21.191 -0.000 
G09 2022  62          24866 GPS  -21.867 -21.193 -0.000 
G09 2022  62          24867 GPS  -21.883 -21.195 -0.000 
G09 2022  62          24868 GPS  -21.890 -21.197 -0.000 
G09 2022  62          24869 GPS  -21.904 -21.199 -0.000 
G09 2022  62          24870 GPS  -21.906 -21.201 -0.000 
G09 2022  62          24871 GPS  -21.891 -21.203 -0.000 
G09 2022  62          24872 GPS  -21.897 -21.205 -0.000 
G09 2022  62          24873 GPS  -21.917 -21.207 -0.000 
G09 2022  62          24874 GPS  -21.920 -21.209 -0.000 
G09 2022  62          24875 GPS  -21.916 -21.211 -0.000 
G09 2022  62          24876 GPS  -21.918 -21.213 -0.000 
G09 2022  62          24877 GPS  -21.903 -21.215 -0.000 
G09 2022  62          24878 GPS  -21.903 -21.217 -0.000 
G09 2022  62          24879 GPS  -21.898 -21.219 -0.000 
G09 2022  62          24880 GPS  -21.882 -21.220 -0.000 
G09 2022  62          24881 GPS  -21.867 -21.222 -0.000 
G09 2022  62          24882 GPS  -21.871 -21.224 -0.000 
G09 2022  62          24883 GPS  -21.858 -21.226 -0.000 
G09 2022  62          24884 GPS  -21.846 -21.227 -0.000 
G09 2022  62          24885 GPS  -21.838 -21.229 -0.000 
G09 2022  62          24886 GPS  -21.826 -21.231 -0.000 
G09 2022  62          24887 GPS  -21.817 -21.232 -0.000 
G09 2022  62          24888 GPS  -21.798 -21.234 -0.000 
G09 2022  62          24889 GPS  -21.796 -21.235 -0.000 
G09 2022  62          24890 GPS  -21.790 -21.237 -0.000 
G09 2022  62          24891 GPS  -21.791 -21.238 -0.000 
G09 2022  62          24892 GPS  -21.786 -21.240 -0.000 
G09 2022  62          24893 GPS  -21.778 -21.241 -0.000 
G09 2022  62          24894 GPS  -21.772 -21.242 -0.000 
G09 2022  62          24895 GPS  -21.772 -21.244 -0.000 
G09 2022  62          24896 GPS  -21.760 -21.245 -0.000 
G09 2022  62          24897 GPS  -21.748 -21.247 -0.000 
G09 2022  62          24898 GPS  -21.732 -21.248 -0.000 
G09 2022  62          24899 GPS  -21.721 -21.249 -0.000 
G09 2022  62          24900 GPS  -21.704 -21.250 -0.000 
G09 2022  62          24901 GPS  -21.685 -21.251 -0.000 
G09 2022  62          24902 GPS  -21.669 -21.252 -0.000 
G09 2022  62          24903 GPS  -21.656 -21.253 -0.000 
G09 2022  62          24904 GPS  -21.640 -21.254 -0.000 
G09 2022  62          24905 GPS  -21.639 -21.255 -0.000 
G09 2022  62          24906 GPS  -21.645 -21.256 -0.000 
G09 2022  62          24907 GPS  -21.651 -21.257 -0.000 
G09 2022  62          24908 GPS  -21.651 -21.258 -0.000 
G09 2022  62          24909 GPS  -21.620 -21.259 -0.000 
G09 2022  62          24910 GPS  -21.602 -21.260 -0.000 
G09 2022  62          24911 GPS  -21.577 -21.261 -0.000 
G09 2022  62          24912 GPS  -21.561 -21.262 -0.000 
G09 2022  62          24913 GPS  -21.546 -21.263 -0.000 
G09 2022  62          24914 GPS  -21.556 -21.263 -0.000 
G09 2022  62          24915 GPS  -21.547 -21.264 -0.000 
G09 2022  62          24916 GPS  -21.553 -21.265 -0.000 
G09 2022  62          24917 GPS  -21.575 -21.265 -0.000 
G09 2022  62          24918 GPS  -21.585 -21.266 -0.000 
G09 2022  62          24919 GPS  -21.581 -21.267 -0.000 
G09 2022  62          24920 GPS  -21.575 -21.268 -0.000 
G09 2022  62          24921 GPS  -21.574 -21.269 -0.000 
G09 2022  62          24922 GPS  -21.561 -21.269 -0.000 
G09 2022  62          24923 GPS  -21.555 -21.270 -0.000 
G09 2022  62          24924 GPS  -21.559 -21.271 -0.000 
G09 2022  62          24925 GPS  -21.562 -21.271 -0.000 
G09 2022  62          24926 GPS  -21.560 -21.272 -0.000 
G09 2022  62          24927 GPS  -21.564 -21.273 -0.000 
G09 2022  62          24928 GPS  -21.568 -21.274 -0.000 
G09 2022  62          24929 GPS  -21.563 -21.274 -0.000 
G09 2022  62          24930 GPS  -21.565 -21.275 -0.000 
G09 2022  62          24931 GPS  -21.575 -21.276 -0.000 
G09 2022  62          24932 GPS  -21.568 -21.276 -0.000 
G09 2022  62          24933 GPS  -21.557 -21.277 -0.000 
G09 2022  62          24934 GPS  -21.549 -21.278 -0.000 
G09 2022  62          24935 GPS  -21.532 -21.278 -0.000 
G09 2022  62          24936 GPS  -21.537 -21.279 -0.000 
G09 2022  62          24937 GPS  -21.531 -21.280 -0.000 
G09 2022  62          24938 GPS  -21.528 -21.280 -0.000 
G09 2022  62          24939 GPS  -21.521 -21.281 -0.000 
G09 2022  62          24940 GPS  -21.525 -21.281 -0.000 
G09 2022  62          24941 GPS  -21.529 -21.282 -0.000 
G09 2022  62          24942 GPS  -21.521 -21.282 -0.000 
G09 2022  62          24943 GPS  -21.509 -21.283 -0.000 
G09 2022  62          24944 GPS  -21.517 -21.283 -0.000 
G09 2022  62          24945 GPS  -21.499 -21.284 -0.000 
G09 2022  62          24946 GPS  -21.500 -21.285 -0.000 
G09 2022  62          24947 GPS  -21.509 -21.285 -0.000 
G09 2022  62          24948 GPS  -21.496 -21.286 -0.000 
G09 2022  62          24949 GPS  -21.486 -21.286 -0.000 
G09 2022  62          24950 GPS  -21.484 -21.286 -0.000 
G09 2022  62          24951 GPS  -21.482 -21.287 -0.000 
G09 2022  62          24952 GPS  -21.465 -21.287 -0.000 
G09 2022  62          24953 GPS  -21.460 -21.288 -0.000 
G09 2022  62          24954 GPS  -21.470 -21.288 -0.000 
G09 2022  62          24955 GPS  -21.468 -21.289 -0.000 
G09 2022  62          24956 GPS  -21.482 -21.289 -0.000 
G09 2022  62          24957 GPS  -21.512 -21.289 -0.000 
G09 2022  62          24958 GPS  -21.517 -21.290 -0.000 
G09 2022  62          24959 GPS  -21.510 -21.290 -0.000 
G09 2022  62          24960 GPS  -21.516 -21.291 -0.000 
G09 2022  62          24961 GPS  -21.511 -21.291 -0.000 
G09 2022  62          24962 GPS  -21.514 -21.292 -0.000 
G09 2022  62          24963 GPS  -21.513 -21.292 -0.000 
G09 2022  62          24964 GPS  -21.522 -21.293 -0.000 
G09 2022  62          24965 GPS  -21.527 -21.293 -0.000 
G09 2022  62          24966 GPS  -21.538 -21.294 -0.000 
G09 2022  62          24967 GPS  -21.549 -21.295 -0.000 
G09 2022  62          24968 GPS  -21.553 -21.295 -0.000 
G09 2022  62          24969 GPS  -21.571 -21.296 -0.000 
G09 2022  62          24970 GPS  -21.578 -21.296 -0.000 
G09 2022  62          24971 GPS  -21.601 -21.297 -0.000 
G09 2022  62          24972 GPS  -21.625 -21.298 -0.000 
G09 2022  62          24973 GPS  -21.641 -21.299 -0.000 
G09 2022  62          24974 GPS  -21.648 -21.299 -0.000 
G09 2022  62          24975 GPS  -21.646 -21.300 -0.000 
G09 2022  62          24976 GPS  -21.660 -21.301 -0.000 
G09 2022  62          24977 GPS  -21.670 -21.302 -0.000 
G09 2022  62          24978 GPS  -21.681 -21.302 -0.000 
G09 2022  62          24979 GPS  -21.679 -21.303 -0.000 
G09 2022  62          24980 GPS  -21.681 -21.304 -0.000 
G09 2022  62          24981 GPS  -21.691 -21.305 -0.000 
G09 2022  62          24982 GPS  -21.699 -21.306 -0.000 
G09 2022  62          24983 GPS  -21.697 -21.307 -0.000 
G09 2022  62          24984 GPS  -21.708 -21.307 -0.000 
G09 2022  62          24985 GPS  -21.716 -21.308 -0.000 
G09 2022  62          24986 GPS  -21.715 -21.309 -0.000 
G09 2022  62          24987 GPS  -21.724 -21.310 -0.000 
G09 2022  62          24988 GPS  -21.731 -21.311 -0.000 
G09 2022  62          24989 GPS  -21.725 -21.312 -0.000 
G09 2022  62          24990 GPS  -21.722 -21.313 -0.000 
G09 2022  62          24991 GPS  -21.719 -21.314 -0.000 
G09 2022  62          24992 GPS  -21.720 -21.314 -0.000 
G09 2022  62          24993 GPS  -21.716 -21.315 -0.000 
G09 2022  62          24994 GPS  -21.709 -21.316 -0.000 
G09 2022  62          24995 GPS  -21.698 -21.317 -0.000 
G09 2022  62          24996 GPS  -21.685 -21.318 -0.000 
G09 2022  62          24997 GPS  -21.683 -21.318 -0.000 
G09 2022  62          24998 GPS  -21.673 -21.319 -0.000 
G09 2022  62          24999 GPS  -21.662 -21.320 -0.000 
G09 2022  62          25000 GPS  -21.643 -21.321 -0.000 
G09 2022  62          25001 GPS  -21.655 -21.321 -0.000 
G09 2022  62          25002 GPS  -21.678 -21.322 -0.000 
G09 2022  62          25003 GPS  -21.681 -21.323 -0.000 
G09 2022  62          25004 GPS  -21.683 -21.323 -0.000 
G09 2022  62          25005 GPS  -21.678 -21.324 -0.000 
G09 2022  62          25006 GPS  -21.668 -21.325 -0.000 
G09 2022  62          25007 GPS  -21.675 -21.326 -0.000 
G09 2022  62          25008 GPS  -21.682 -21.326 -0.000 
G09 2022  62          25009 GPS  -21.666 -21.327 -0.000 
G09 2022  62          25010 GPS  -21.661 -21.328 -0.000 
G09 2022  62          25011 GPS  -21.673 -21.328 -0.000 
G09 2022  62          25012 GPS  -21.666 -21.329 -0.000 
G09 2022  62          25013 GPS  -21.669 -21.330 -0.000 
G09 2022  62          25014 GPS  -21.669 -21.330 -0.000 
G09 2022  62          25015 GPS  -21.655 -21.331 -0.000 
G09 2022  62          25016 GPS  -21.650 -21.332 -0.000 
G09 2022  62          25017 GPS  -21.665 -21.332 -0.000 
G09 2022  62          25018 GPS  -21.670 -21.333 -0.000 
G09 2022  62          25019 GPS  -21.668 -21.334 -0.000 
G09 2022  62          25020 GPS  -21.660 -21.334 -0.000 
G09 2022  62          25021 GPS  -21.677 -21.335 -0.000 
G09 2022  62          25022 GPS  -21.698 -21.336 -0.000 
G09 2022  62          25023 GPS  -21.684 -21.336 -0.000 
G09 2022  62          25024 GPS  -21.687 -21.337 -0.000 
G09 2022  62          25025 GPS  -21.696 -21.338 -0.000 
G09 2022  62          25026 GPS  -21.719 -21.339 -0.000 
G09 2022  62          25027 GPS  -21.719 -21.339 -0.000 
G09 2022  62          25028 GPS  -21.725 -21.340 -0.000 
G09 2022  62          25029 GPS  -21.740 -21.341 -0.000 
G09 2022  62          25030 GPS  -21.741 -21.342 -0.000 
G09 2022  62          25031 GPS  -21.728 -21.342 -0.000 
G09 2022  62          25032 GPS  -21.740 -21.343 -0.000 
G09 2022  62          25033 GPS  -21.747 -21.344 -0.000 
G09 2022  62          25034 GPS  -21.741 -21.345 -0.000 
G09 2022  62          25035 GPS  -21.755 -21.345 -0.000 
G09 2022  62          25036 GPS  -21.759 -21.346 -0.000 
G09 2022  62          25037 GPS  -21.773 -21.347 -0.000 
G09 2022  62          25038 GPS  -21.789 -21.348 -0.000 
G09 2022  62          25039 GPS  -21.816 -21.349 -0.000 
G09 2022  62          25040 GPS  -21.842 -21.350 -0.000 
G09 2022  62          25041 GPS  -21.858 -21.351 -0.000 
G09 2022  62          25042 GPS  -21.850 -21.352 -0.000 
G09 2022  62          25043 GPS  -21.860 -21.353 -0.000 
G09 2022  62          25044 GPS  -21.866 -21.354 -0.000 
G09 2022  62          25045 GPS  -21.878 -21.355 -0.000 
G09 2022  62          25046 GPS  -21.885 -21.356 -0.000 
G09 2022  62          25047 GPS  -21.882 -21.357 -0.000 
G09 2022  62          25048 GPS  -21.884 -21.358 -0.000 
G09 2022  62          25049 GPS  -21.900 -21.359 -0.000 
G09 2022  62          25050 GPS  -21.895 -21.360 -0.000 
G09 2022  62          25051 GPS  -21.892 -21.361 -0.000 
G09 2022  62          25052 GPS  -21.892 -21.362 -0.000 
G09 2022  62          25053 GPS  -21.877 -21.363 -0.000 
G09 2022  62          25054 GPS  -21.878 -21.364 -0.000 
G09 2022  62          25055 GPS  -21.873 -21.364 -0.000 
G09 2022  62          25056 GPS  -21.868 -21.365 -0.000 
G09 2022  62          25057 GPS  -21.863 -21.366 -0.000 
G09 2022  62          25058 GPS  -21.871 -21.367 -0.000 
G09 2022  62          25059 GPS  -21.879 -21.368 -0.000 
G09 2022  62          25060 GPS  -21.882 -21.369 -0.000 
G09 2022  62          25061 GPS  -21.892 -21.370 -0.000 
G09 2022  62          25062 GPS  -21.889 -21.371 -0.000 
G09 2022  62          25063 GPS  -21.894 -21.372 -0.000 
G09 2022  62          25064 GPS  -21.906 -21.373 -0.000 
G09 2022  62          25065 GPS  -21.896 -21.374 -0.000 
G09 2022  62          25066 GPS  -21.909 -21.375 -0.000 
G09 2022  62          25067 GPS  -21.901 -21.376 -0.000 
G09 2022  62          25068 GPS  -21.886 -21.377 -0.000 
G09 2022  62          25069 GPS  -21.881 -21.378 -0.000 
G09 2022  62          25070 GPS  -21.870 -21.379 -0.000 
G09 2022  62          25071 GPS  -21.843 -21.379 -0.000 
G09 2022  62          25072 GPS  -21.830 -21.380 -0.000 
G09 2022  62          25073 GPS  -21.844 -21.381 -0.000 
G09 2022  62          25074 GPS  -21.842 -21.382 -0.000 
G09 2022  62          25075 GPS  -21.836 -21.383 -0.000 
G09 2022  62          25076 GPS  -21.830 -21.384 -0.000 
G09 2022  62          25077 GPS  -21.828 -21.384 -0.000 
G09 2022  62          25078 GPS  -21.838 -21.385 -0.000 
G09 2022  62          25079 GPS  -21.853 -21.386 -0.000 
G09 2022  62          25080 GPS  -21.838 -21.387 -0.000 
G09 2022  62          25081 GPS  -21.829 -21.388 -0.000 
G09 2022  62          25082 GPS  -21.828 -21.388 -0.000 
G09 2022  62          25083 GPS  -21.841 -21.389 -0.000 
G09 2022  62          25084 GPS  -21.846 -21.390 -0.000 
G09 2022  62          25085 GPS  -21.854 -21.391 -0.000 
G09 2022  62          25086 GPS  -21.864 -21.392 -0.000 
G09 2022  62          25087 GPS  -21.873 -21.392 -0.000 
G09 2022  62          25088 GPS  -21.874 -21.393 -0.000 
G09 2022  62          25089 GPS  -21.871 -21.394 -0.000 
G09 2022  62          25090 GPS  -21.884 -21.395 -0.000 
G09 2022  62          25091 GPS  -21.890 -21.396 -0.000 
G09 2022  62          25092 GPS  -21.889 -21.397 -0.000 
G09 2022  62          25093 GPS  -21.898 -21.398 -0.000 
G09 2022  62          25094 GPS  -21.920 -21.398 -0.000 
G09 2022  62          25095 GPS  -21.927 -21.399 -0.000 
G09 2022  62          25096 GPS  -21.949 -21.400 -0.000 
G09 2022  62          25097 GPS  -21.958 -21.401 -0.000 
G09 2022  62          25098 GPS  -21.961 -21.402 -0.000 
G09 2022  62          25099 GPS  -21.949 -21.403 -0.000 
G09 2022  62          25100 GPS  -21.966 -21.404 -0.000 
G09 2022  62          25101 GPS  -21.974 -21.405 -0.000 
G09 2022  62          25102 GPS  -21.976 -21.406 -0.000 
G09 2022  62          25103 GPS  -21.956 -21.407 -0.000 
G09 2022  62          25104 GPS  -21.958 -21.408 -0.000 
G09 2022  62          25105 GPS  -21.945 -21.409 -0.000 
G09 2022  62          25106 GPS  -21.949 -21.410 -0.000 
G09 2022  62          25107 GPS  -21.965 -21.411 -0.000 
G09 2022  62          25108 GPS  -21.970 -21.412 -0.000 
G09 2022  62          25109 GPS  -21.974 -21.413 -0.000 
G09 2022  62          25110 GPS  -21.972 -21.414 -0.000 
G09 2022  62          25111 GPS  -21.978 -21.414 -0.000 
G09 2022  62          25112 GPS  -21.996 -21.415 -0.000 
G09 2022  62          25113 GPS  -22.005 -21.416 -0.000 
G09 2022  62          25114 GPS  -21.978 -21.417 -0.000 
G09 2022  62          25115 GPS  -21.967 -21.418 -0.000 
G09 2022  62          25116 GPS  -21.957 -21.419 -0.000 
G09 2022  62          25117 GPS  -21.960 -21.420 -0.000 
G09 2022  62          25118 GPS  -21.963 -21.421 -0.000 
G09 2022  62          25119 GPS  -21.940 -21.422 -0.000 
G09 2022  62          25120 GPS  -21.936 -21.423 -0.000 
G09 2022  62          25121 GPS  -21.918 -21.424 -0.000 
G09 2022  62          25122 GPS  -21.925 -21.424 -0.000 
G09 2022  62          25123 GPS  -21.920 -21.425 -0.000 
G09 2022  62          25124 GPS  -21.908 -21.426 -0.000 
G09 2022  62          25125 GPS  -21.910 -21.427 -0.000 
G09 2022  62          25126 GPS  -21.868 -21.427 -0.000 
G09 2022  62          25127 GPS  -21.845 -21.428 -0.000 
G09 2022  62          25128 GPS  -21.812 -21.429 -0.000 
G09 2022  62          25129 GPS  -21.786 -21.429 -0.000 
G09 2022  62          25130 GPS  -21.766 -21.430 -0.000 
G09 2022  62          25131 GPS  -21.745 -21.430 -0.000 
G09 2022  62          25132 GPS  -21.715 -21.431 -0.000 
G09 2022  62          25133 GPS  -21.706 -21.431 -0.000 
G09 2022  62          25134 GPS  -21.684 -21.432 -0.000 
G09 2022  62          25135 GPS  -21.672 -21.432 -0.000 
G09 2022  62          25136 GPS  -21.663 -21.433 -0.000 
G09 2022  62          25137 GPS  -21.638 -21.433 -0.000 
G09 2022  62          25138 GPS  -21.639 -21.433 -0.000 
G09 2022  62          25139 GPS  -21.608 -21.433 -0.000 
G09 2022  62          25140 GPS  -21.579 -21.434 -0.000 
G09 2022  62          25141 GPS  -21.571 -21.434 -0.000 
G09 2022  62          25142 GPS  -21.537 -21.434 -0.000 
G09 2022  62          25143 GPS  -21.540 -21.434 -0.000 
G09 2022  62          25144 GPS  -21.522 -21.434 -0.000 
G09 2022  62          25145 GPS  -21.490 -21.434 -0.000 
G09 2022  62          25146 GPS  -21.484 -21.435 -0.000 
G09 2022  62          25147 GPS  -21.471 -21.435 -0.000 
G09 2022  62          25148 GPS  -21.438 -21.435 -0.000 
G09 2022  62          25149 GPS  -21.430 -21.435 -0.000 
G09 2022  62          25150 GPS  -21.434 -21.435 -0.000 
G09 2022  62          25151 GPS  -21.437 -21.435 -0.000 
G09 2022  62          25152 GPS  -21.442 -21.435 -0.000 
G09 2022  62          25153 GPS  -21.442 -21.435 -0.000 
G09 2022  62          25154 GPS  -21.427 -21.435 -0.000 
G09 2022  62          25155 GPS  -21.398 -21.435 -0.000 
G09 2022  62          25156 GPS  -21.420 -21.435 -0.000 
G09 2022  62          25157 GPS  -21.430 -21.435 -0.000 
G09 2022  62          25158 GPS  -21.427 -21.435 -0.000 
G09 2022  62          25159 GPS  -21.423 -21.435 -0.000 
G09 2022  62          25160 GPS  -21.422 -21.434 -0.000 
G09 2022  62          25161 GPS  -21.428 -21.434 -0.000 
G09 2022  62          25162 GPS  -21.439 -21.434 -0.000 
G09 2022  62          25163 GPS  -21.442 -21.434 -0.000 
G09 2022  62          25164 GPS  -21.444 -21.435 -0.000 
G09 2022  62          25165 GPS  -21.456 -21.435 -0.000 
G09 2022  62          25166 GPS  -21.463 -21.435 -0.000 
G09 2022  62          25167 GPS  -21.470 -21.435 -0.000 
G09 2022  62          25168 GPS  -21.472 -21.435 -0.000 
G09 2022  62          25169 GPS  -21.472 -21.435 -0.000 
G09 2022  62          25170 GPS  -21.475 -21.435 -0.000 
G09 2022  62          25171 GPS  -21.480 -21.435 -0.000 
G09 2022  62          25172 GPS  -21.489 -21.435 -0.000 
G09 2022  62          25173 GPS  -21.496 -21.435 -0.000 
G09 2022  62          25174 GPS  -21.490 -21.435 -0.000 
G09 2022  62          25175 GPS  -21.494 -21.435 -0.000 
G09 2022  62          25176 GPS  -21.503 -21.435 -0.000 
G09 2022  62          25177 GPS  -21.510 -21.435 -0.000 
G09 2022  62          25178 GPS  -21.533 -21.436 -0.000 
G09 2022  62          25179 GPS  -21.555 -21.436 -0.000 
G09 2022  62          25180 GPS  -21.561 -21.436 -0.000 
G09 2022  62          25181 GPS  -21.564 -21.436 -0.000 
G09 2022  62          25182 GPS  -21.567 -21.436 -0.000 
G09 2022  62          25183 GPS  -21.569 -21.437 -0.000 
G09 2022  62          25184 GPS  -21.596 -21.437 -0.000 
G09 2022  62          25185 GPS  -21.612 -21.437 -0.000 
G09 2022  62          25186 GPS  -21.623 -21.437 -0.000 
G09 2022  62          25187 GPS  -21.625 -21.438 -0.000 
G09 2022  62          25188 GPS  -21.630 -21.438 -0.000 
G09 2022  62          25189 GPS  -21.627 -21.438 -0.000 
G09 2022  62          25190 GPS  -21.627 -21.438 -0.000 
G09 2022  62          25191 GPS  -21.622 -21.439 -0.000 
G09 2022  62          25192 GPS  -21.623 -21.439 -0.000 
G09 2022  62          25193 GPS  -21.642 -21.439 -0.000 
G09 2022  62          25194 GPS  -21.641 -21.440 -0.000 
G09 2022  62          25195 GPS  -21.648 -21.440 -0.000 
G09 2022  62          25196 GPS  -21.643 -21.440 -0.000 
G09 2022  62          25197 GPS  -21.664 -21.441 -0.000 
G09 2022  62          25198 GPS  -21.661 -21.441 -0.000 
G09 2022  62          25199 GPS  -21.668 -21.441 -0.000 
G09 2022  62          25200 GPS  -21.646 -21.441 -0.000 
