G14 2022  62          24525 GPS  21.059 21.059 21.059 
G14 2022  62          24532 GPS  6.357 6.357 6.357 
G14 2022  62          24572 GPS  25.700 25.700 25.700 
G14 2022  62          24596 GPS  26.629 26.164 0.000 
G14 2022  62          24597 GPS  29.671 29.671 29.671 
G14 2022  62          24602 GPS  23.635 23.635 23.635 
G14 2022  62          24603 GPS  23.830 23.732 0.000 
G14 2022  62          24610 GPS  42.044 42.044 42.044 
G14 2022  62          24616 GPS  13.175 13.175 13.175 
G14 2022  62          24630 GPS  2.838 2.838 2.838 
G14 2022  62          24640 GPS  31.550 31.550 31.550 
G14 2022  62          24648 GPS  26.194 26.194 26.194 
G14 2022  62          24651 GPS  16.685 16.685 16.685 
G14 2022  62          24657 GPS  15.946 16.315 0.000 
G14 2022  62          24675 GPS  17.367 16.666 0.000 
G14 2022  62          24690 GPS  -0.913 -0.913 -0.913 
G14 2022  62          24708 GPS  34.894 34.894 34.894 
G14 2022  62          24716 GPS  21.390 21.390 21.390 
G14 2022  62          24717 GPS  22.007 21.699 0.000 
G14 2022  62          24766 GPS  20.969 21.455 0.000 
G14 2022  62          24787 GPS  34.582 34.582 34.582 
G14 2022  62          24791 GPS  39.386 39.386 39.386 
G14 2022  62          24799 GPS  -8.901 -8.901 -8.901 
G14 2022  62          24801 GPS  -6.108 -6.108 -6.108 
G14 2022  62          24841 GPS  21.895 21.895 21.895 
G14 2022  62          24853 GPS  7.494 7.494 7.494 
G14 2022  62          24864 GPS  18.911 18.911 18.911 
G14 2022  62          24903 GPS  27.576 27.576 27.576 
G14 2022  62          24904 GPS  27.746 27.661 0.000 
G14 2022  62          24938 GPS  41.925 41.925 41.925 
G14 2022  62          24948 GPS  15.867 15.867 15.867 
G14 2022  62          24950 GPS  12.802 12.802 12.802 
G14 2022  62          24952 GPS  5.006 5.006 5.006 
G14 2022  62          24954 GPS  0.327 0.327 0.327 
G14 2022  62          24960 GPS  15.622 15.622 15.622 
G14 2022  62          24965 GPS  10.800 10.800 10.800 
G14 2022  62          24970 GPS  15.128 15.128 15.128 
G14 2022  62          24989 GPS  18.276 18.276 18.276 
G14 2022  62          24990 GPS  17.615 17.945 0.000 
G14 2022  62          25016 GPS  31.677 31.677 31.677 
G14 2022  62          25017 GPS  20.061 20.061 20.061 
G14 2022  62          25028 GPS  28.913 28.913 28.913 
G14 2022  62          25031 GPS  35.461 35.461 35.461 
G14 2022  62          25042 GPS  33.580 33.580 33.580 
G14 2022  62          25043 GPS  33.725 33.652 0.000 
G14 2022  62          25045 GPS  24.734 24.734 24.734 
G14 2022  62          25063 GPS  42.236 42.236 42.236 
G14 2022  62          25066 GPS  36.291 36.291 36.291 
G14 2022  62          25096 GPS  27.760 27.760 27.760 
G14 2022  62          25110 GPS  21.017 21.017 21.017 
G14 2022  62          25114 GPS  32.011 32.011 32.011 
G14 2022  62          25175 GPS  55.164 55.164 55.164 
