G16 2022  62          24517 GPS  -11.124 -11.124 -11.124 
G16 2022  62          24524 GPS  3.151 3.151 3.151 
G16 2022  62          24530 GPS  -25.838 -25.838 -25.838 
G16 2022  62          24538 GPS  -12.025 -12.025 -12.025 
G16 2022  62          24541 GPS  -1.521 -1.521 -1.521 
G16 2022  62          24546 GPS  -7.406 -7.406 -7.406 
G16 2022  62          24551 GPS  -5.599 -5.599 -5.599 
G16 2022  62          24554 GPS  -28.861 -28.861 -28.861 
G16 2022  62          24565 GPS  -21.031 -21.031 -21.031 
G16 2022  62          24566 GPS  -21.147 -21.089 -0.000 
G16 2022  62          24571 GPS  -25.721 -25.721 -25.721 
G16 2022  62          24574 GPS  -37.041 -37.041 -37.041 
G16 2022  62          24576 GPS  -31.547 -31.547 -31.547 
G16 2022  62          24577 GPS  -31.762 -31.655 -0.000 
G16 2022  62          24578 GPS  -31.272 -31.527 -0.000 
G16 2022  62          24579 GPS  -31.084 -31.416 -0.000 
G16 2022  62          24580 GPS  -31.163 -31.366 -0.000 
G16 2022  62          24581 GPS  -31.191 -31.336 -0.000 
G16 2022  62          24582 GPS  -31.065 -31.298 -0.000 
G16 2022  62          24583 GPS  -31.078 -31.270 -0.000 
G16 2022  62          24584 GPS  -31.393 -31.284 -0.000 
G16 2022  62          24585 GPS  -31.169 -31.272 -0.000 
G16 2022  62          24586 GPS  -31.248 -31.270 -0.000 
G16 2022  62          24587 GPS  -31.246 -31.268 -0.000 
G16 2022  62          24588 GPS  -31.356 -31.275 -0.000 
G16 2022  62          24589 GPS  -31.131 -31.265 -0.000 
G16 2022  62          24590 GPS  -31.171 -31.258 -0.000 
G16 2022  62          24591 GPS  -31.205 -31.255 -0.000 
G16 2022  62          24592 GPS  -31.110 -31.246 -0.000 
G16 2022  62          24593 GPS  -31.233 -31.246 -0.000 
G16 2022  62          24594 GPS  -31.296 -31.248 -0.000 
G16 2022  62          24595 GPS  -31.203 -31.246 -0.000 
G16 2022  62          24596 GPS  -31.080 -31.238 -0.000 
G16 2022  62          24597 GPS  -31.181 -31.236 -0.000 
G16 2022  62          24598 GPS  -31.128 -31.231 -0.000 
G16 2022  62          24599 GPS  -31.128 -31.227 -0.000 
G16 2022  62          24600 GPS  -30.994 -31.217 -0.000 
G16 2022  62          24601 GPS  -30.890 -31.205 -0.000 
G16 2022  62          24602 GPS  -30.916 -31.194 -0.000 
G16 2022  62          24603 GPS  -30.895 -31.183 -0.000 
G16 2022  62          24604 GPS  -30.888 -31.173 -0.000 
G16 2022  62          24605 GPS  -30.797 -31.161 -0.000 
G16 2022  62          24606 GPS  -30.843 -31.150 -0.000 
G16 2022  62          24607 GPS  -30.915 -31.143 -0.000 
G16 2022  62          24608 GPS  -30.904 -31.136 -0.000 
G16 2022  62          24609 GPS  -30.892 -31.129 -0.000 
G16 2022  62          24610 GPS  -30.856 -31.121 -0.000 
G16 2022  62          24611 GPS  -30.811 -31.112 -0.000 
G16 2022  62          24612 GPS  -30.796 -31.104 -0.000 
G16 2022  62          24613 GPS  -30.773 -31.095 -0.000 
G16 2022  62          24614 GPS  -30.854 -31.089 -0.000 
G16 2022  62          24615 GPS  -30.802 -31.082 -0.000 
G16 2022  62          24616 GPS  -30.878 -31.077 -0.000 
G16 2022  62          24617 GPS  -30.932 -31.073 -0.000 
G16 2022  62          24618 GPS  -30.936 -31.070 -0.000 
G16 2022  62          24619 GPS  -30.863 -31.065 -0.000 
G16 2022  62          24620 GPS  -30.845 -31.060 -0.000 
G16 2022  62          24621 GPS  -30.796 -31.055 -0.000 
G16 2022  62          24622 GPS  -30.770 -31.049 -0.000 
G16 2022  62          24623 GPS  -30.761 -31.043 -0.000 
G16 2022  62          24624 GPS  -30.756 -31.037 -0.000 
G16 2022  62          24625 GPS  -30.749 -31.031 -0.000 
G16 2022  62          24626 GPS  -30.717 -31.025 -0.000 
G16 2022  62          24627 GPS  -30.773 -31.020 -0.000 
G16 2022  62          24628 GPS  -30.804 -31.016 -0.000 
G16 2022  62          24629 GPS  -30.750 -31.011 -0.000 
G16 2022  62          24630 GPS  -30.718 -31.006 -0.000 
G16 2022  62          24631 GPS  -30.819 -31.002 -0.000 
G16 2022  62          24632 GPS  -30.800 -30.999 -0.000 
G16 2022  62          24633 GPS  -30.770 -30.995 -0.000 
G16 2022  62          24634 GPS  -30.805 -30.992 -0.000 
G16 2022  62          24635 GPS  -30.881 -30.990 -0.000 
G16 2022  62          24636 GPS  -30.877 -30.988 -0.000 
G16 2022  62          24637 GPS  -30.908 -30.987 -0.000 
G16 2022  62          24638 GPS  -30.939 -30.986 -0.000 
G16 2022  62          24639 GPS  -30.989 -30.986 -0.000 
G16 2022  62          24640 GPS  -30.991 -30.986 -0.000 
G16 2022  62          24641 GPS  -30.973 -30.986 -0.000 
G16 2022  62          24642 GPS  -30.964 -30.986 -0.000 
G16 2022  62          24643 GPS  -30.958 -30.985 -0.000 
G16 2022  62          24644 GPS  -30.995 -30.985 -0.000 
G16 2022  62          24645 GPS  -30.979 -30.985 -0.000 
G16 2022  62          24646 GPS  -30.947 -30.985 -0.000 
G16 2022  62          24647 GPS  -30.929 -30.984 -0.000 
G16 2022  62          24648 GPS  -30.910 -30.983 -0.000 
G16 2022  62          24649 GPS  -30.902 -30.982 -0.000 
G16 2022  62          24650 GPS  -30.807 -30.979 -0.000 
G16 2022  62          24651 GPS  -30.835 -30.977 -0.000 
G16 2022  62          24652 GPS  -30.871 -30.976 -0.000 
G16 2022  62          24653 GPS  -30.850 -30.974 -0.000 
G16 2022  62          24654 GPS  -30.816 -30.972 -0.000 
G16 2022  62          24655 GPS  -30.835 -30.971 -0.000 
G16 2022  62          24656 GPS  -30.801 -30.969 -0.000 
G16 2022  62          24657 GPS  -30.800 -30.967 -0.000 
G16 2022  62          24658 GPS  -30.796 -30.965 -0.000 
G16 2022  62          24659 GPS  -30.766 -30.962 -0.000 
G16 2022  62          24660 GPS  -30.822 -30.961 -0.000 
G16 2022  62          24661 GPS  -30.875 -30.960 -0.000 
G16 2022  62          24662 GPS  -30.889 -30.959 -0.000 
G16 2022  62          24663 GPS  -30.861 -30.958 -0.000 
G16 2022  62          24664 GPS  -30.911 -30.957 -0.000 
G16 2022  62          24665 GPS  -30.862 -30.956 -0.000 
G16 2022  62          24666 GPS  -30.857 -30.955 -0.000 
G16 2022  62          24667 GPS  -30.890 -30.954 -0.000 
G16 2022  62          24668 GPS  -30.896 -30.954 -0.000 
G16 2022  62          24669 GPS  -30.907 -30.953 -0.000 
G16 2022  62          24670 GPS  -30.918 -30.953 -0.000 
G16 2022  62          24671 GPS  -30.911 -30.952 -0.000 
G16 2022  62          24672 GPS  -30.902 -30.952 -0.000 
G16 2022  62          24673 GPS  -30.928 -30.952 -0.000 
G16 2022  62          24674 GPS  -31.033 -30.952 -0.000 
G16 2022  62          24675 GPS  -31.030 -30.953 -0.000 
G16 2022  62          24676 GPS  -31.021 -30.954 -0.000 
G16 2022  62          24677 GPS  -31.054 -30.955 -0.000 
G16 2022  62          24678 GPS  -31.087 -30.956 -0.000 
G16 2022  62          24679 GPS  -31.050 -30.957 -0.000 
G16 2022  62          24680 GPS  -31.022 -30.958 -0.000 
G16 2022  62          24681 GPS  -30.972 -30.958 -0.000 
G16 2022  62          24682 GPS  -30.991 -30.958 -0.000 
G16 2022  62          24683 GPS  -30.973 -30.958 -0.000 
G16 2022  62          24684 GPS  -30.995 -30.959 -0.000 
G16 2022  62          24685 GPS  -30.977 -30.959 -0.000 
G16 2022  62          24686 GPS  -30.930 -30.958 -0.000 
G16 2022  62          24687 GPS  -30.920 -30.958 -0.000 
G16 2022  62          24688 GPS  -30.954 -30.958 -0.000 
G16 2022  62          24689 GPS  -30.977 -30.958 -0.000 
G16 2022  62          24690 GPS  -30.981 -30.958 -0.000 
G16 2022  62          24691 GPS  -30.984 -30.959 -0.000 
G16 2022  62          24692 GPS  -30.968 -30.959 -0.000 
G16 2022  62          24693 GPS  -31.004 -30.959 -0.000 
G16 2022  62          24694 GPS  -31.027 -30.960 -0.000 
G16 2022  62          24695 GPS  -30.986 -30.960 -0.000 
G16 2022  62          24696 GPS  -30.946 -30.960 -0.000 
G16 2022  62          24697 GPS  -30.966 -30.960 -0.000 
G16 2022  62          24698 GPS  -30.954 -30.960 -0.000 
G16 2022  62          24699 GPS  -30.957 -30.960 -0.000 
G16 2022  62          24700 GPS  -31.006 -30.960 -0.000 
G16 2022  62          24701 GPS  -31.011 -30.961 -0.000 
G16 2022  62          24702 GPS  -31.012 -30.961 -0.000 
G16 2022  62          24703 GPS  -31.053 -30.962 -0.000 
G16 2022  62          24704 GPS  -31.092 -30.963 -0.000 
G16 2022  62          24705 GPS  -31.094 -30.964 -0.000 
G16 2022  62          24706 GPS  -31.143 -30.965 -0.000 
G16 2022  62          24707 GPS  -31.156 -30.967 -0.000 
G16 2022  62          24708 GPS  -31.151 -30.968 -0.000 
G16 2022  62          24709 GPS  -31.179 -30.969 -0.000 
G16 2022  62          24710 GPS  -31.211 -30.971 -0.000 
G16 2022  62          24711 GPS  -31.206 -30.973 -0.000 
G16 2022  62          24712 GPS  -31.192 -30.975 -0.000 
G16 2022  62          24713 GPS  -31.149 -30.976 -0.000 
G16 2022  62          24714 GPS  -31.122 -30.977 -0.000 
G16 2022  62          24715 GPS  -31.133 -30.978 -0.000 
G16 2022  62          24716 GPS  -31.160 -30.979 -0.000 
G16 2022  62          24717 GPS  -31.152 -30.981 -0.000 
G16 2022  62          24718 GPS  -31.163 -30.982 -0.000 
G16 2022  62          24719 GPS  -31.182 -30.983 -0.000 
G16 2022  62          24720 GPS  -31.173 -30.984 -0.000 
G16 2022  62          24721 GPS  -31.171 -30.986 -0.000 
G16 2022  62          24722 GPS  -31.166 -30.987 -0.000 
G16 2022  62          24723 GPS  -31.158 -30.988 -0.000 
G16 2022  62          24724 GPS  -31.166 -30.989 -0.000 
G16 2022  62          24725 GPS  -31.154 -30.990 -0.000 
G16 2022  62          24726 GPS  -31.151 -30.992 -0.000 
G16 2022  62          24727 GPS  -31.119 -30.992 -0.000 
G16 2022  62          24728 GPS  -31.120 -30.993 -0.000 
G16 2022  62          24729 GPS  -31.142 -30.994 -0.000 
G16 2022  62          24730 GPS  -31.095 -30.995 -0.000 
G16 2022  62          24731 GPS  -31.082 -30.995 -0.000 
G16 2022  62          24732 GPS  -31.129 -30.996 -0.000 
G16 2022  62          24733 GPS  -31.137 -30.997 -0.000 
G16 2022  62          24734 GPS  -31.147 -30.998 -0.000 
G16 2022  62          24735 GPS  -31.152 -30.999 -0.000 
G16 2022  62          24736 GPS  -31.177 -31.000 -0.000 
G16 2022  62          24737 GPS  -31.177 -31.001 -0.000 
G16 2022  62          24738 GPS  -31.179 -31.002 -0.000 
G16 2022  62          24739 GPS  -31.153 -31.003 -0.000 
G16 2022  62          24740 GPS  -31.136 -31.004 -0.000 
G16 2022  62          24741 GPS  -31.153 -31.005 -0.000 
G16 2022  62          24742 GPS  -31.167 -31.006 -0.000 
G16 2022  62          24743 GPS  -31.142 -31.007 -0.000 
G16 2022  62          24744 GPS  -31.160 -31.008 -0.000 
G16 2022  62          24745 GPS  -31.171 -31.009 -0.000 
G16 2022  62          24746 GPS  -31.219 -31.010 -0.000 
G16 2022  62          24747 GPS  -31.186 -31.011 -0.000 
G16 2022  62          24748 GPS  -31.187 -31.012 -0.000 
G16 2022  62          24749 GPS  -31.164 -31.013 -0.000 
G16 2022  62          24750 GPS  -31.168 -31.014 -0.000 
G16 2022  62          24751 GPS  -31.154 -31.014 -0.000 
G16 2022  62          24752 GPS  -31.148 -31.015 -0.000 
G16 2022  62          24753 GPS  -31.145 -31.016 -0.000 
G16 2022  62          24754 GPS  -31.103 -31.016 -0.000 
G16 2022  62          24755 GPS  -31.119 -31.017 -0.000 
G16 2022  62          24756 GPS  -31.088 -31.017 -0.000 
G16 2022  62          24757 GPS  -31.088 -31.018 -0.000 
G16 2022  62          24758 GPS  -31.106 -31.018 -0.000 
G16 2022  62          24759 GPS  -31.124 -31.019 -0.000 
G16 2022  62          24760 GPS  -31.155 -31.020 -0.000 
G16 2022  62          24761 GPS  -31.161 -31.020 -0.000 
G16 2022  62          24762 GPS  -31.149 -31.021 -0.000 
G16 2022  62          24763 GPS  -31.153 -31.022 -0.000 
G16 2022  62          24764 GPS  -31.175 -31.022 -0.000 
G16 2022  62          24765 GPS  -31.183 -31.023 -0.000 
G16 2022  62          24766 GPS  -31.187 -31.024 -0.000 
G16 2022  62          24767 GPS  -31.219 -31.025 -0.000 
G16 2022  62          24768 GPS  -31.249 -31.026 -0.000 
G16 2022  62          24769 GPS  -31.220 -31.027 -0.000 
G16 2022  62          24770 GPS  -31.243 -31.028 -0.000 
G16 2022  62          24771 GPS  -31.236 -31.030 -0.000 
G16 2022  62          24772 GPS  -31.215 -31.030 -0.000 
G16 2022  62          24773 GPS  -31.221 -31.031 -0.000 
G16 2022  62          24774 GPS  -31.201 -31.032 -0.000 
G16 2022  62          24775 GPS  -31.236 -31.033 -0.000 
G16 2022  62          24776 GPS  -31.227 -31.034 -0.000 
G16 2022  62          24777 GPS  -31.230 -31.035 -0.000 
G16 2022  62          24778 GPS  -31.187 -31.036 -0.000 
G16 2022  62          24779 GPS  -31.227 -31.037 -0.000 
G16 2022  62          24780 GPS  -31.245 -31.038 -0.000 
G16 2022  62          24781 GPS  -31.216 -31.039 -0.000 
G16 2022  62          24782 GPS  -31.204 -31.040 -0.000 
G16 2022  62          24783 GPS  -31.247 -31.041 -0.000 
G16 2022  62          24784 GPS  -31.248 -31.042 -0.000 
G16 2022  62          24785 GPS  -31.240 -31.043 -0.000 
G16 2022  62          24786 GPS  -31.265 -31.044 -0.000 
G16 2022  62          24787 GPS  -31.251 -31.045 -0.000 
G16 2022  62          24788 GPS  -31.280 -31.046 -0.000 
G16 2022  62          24789 GPS  -31.307 -31.047 -0.000 
G16 2022  62          24790 GPS  -31.299 -31.048 -0.000 
G16 2022  62          24791 GPS  -31.222 -31.049 -0.000 
G16 2022  62          24792 GPS  -31.247 -31.050 -0.000 
G16 2022  62          24793 GPS  -31.228 -31.051 -0.000 
G16 2022  62          24794 GPS  -31.258 -31.052 -0.000 
G16 2022  62          24795 GPS  -31.248 -31.052 -0.000 
G16 2022  62          24796 GPS  -31.265 -31.053 -0.000 
G16 2022  62          24797 GPS  -31.258 -31.054 -0.000 
G16 2022  62          24798 GPS  -31.304 -31.055 -0.000 
G16 2022  62          24799 GPS  -31.352 -31.057 -0.000 
G16 2022  62          24800 GPS  -31.331 -31.058 -0.000 
G16 2022  62          24801 GPS  -31.371 -31.059 -0.000 
G16 2022  62          24802 GPS  -31.354 -31.061 -0.000 
G16 2022  62          24803 GPS  -31.273 -31.062 -0.000 
G16 2022  62          24804 GPS  -31.321 -31.063 -0.000 
G16 2022  62          24805 GPS  -31.302 -31.064 -0.000 
G16 2022  62          24806 GPS  -31.294 -31.065 -0.000 
G16 2022  62          24807 GPS  -31.249 -31.066 -0.000 
G16 2022  62          24808 GPS  -31.287 -31.066 -0.000 
G16 2022  62          24809 GPS  -31.289 -31.067 -0.000 
G16 2022  62          24810 GPS  -31.293 -31.068 -0.000 
G16 2022  62          24811 GPS  -31.250 -31.069 -0.000 
G16 2022  62          24812 GPS  -31.285 -31.070 -0.000 
G16 2022  62          24813 GPS  -31.266 -31.071 -0.000 
G16 2022  62          24814 GPS  -31.266 -31.072 -0.000 
G16 2022  62          24815 GPS  -31.282 -31.073 -0.000 
G16 2022  62          24816 GPS  -31.279 -31.073 -0.000 
G16 2022  62          24817 GPS  -31.275 -31.074 -0.000 
G16 2022  62          24818 GPS  -31.285 -31.075 -0.000 
G16 2022  62          24819 GPS  -31.282 -31.076 -0.000 
G16 2022  62          24820 GPS  -31.296 -31.077 -0.000 
G16 2022  62          24821 GPS  -31.304 -31.078 -0.000 
G16 2022  62          24822 GPS  -31.308 -31.079 -0.000 
G16 2022  62          24823 GPS  -31.278 -31.080 -0.000 
G16 2022  62          24824 GPS  -31.245 -31.080 -0.000 
G16 2022  62          24825 GPS  -31.243 -31.081 -0.000 
G16 2022  62          24826 GPS  -31.282 -31.082 -0.000 
G16 2022  62          24827 GPS  -31.299 -31.083 -0.000 
G16 2022  62          24828 GPS  -31.299 -31.083 -0.000 
G16 2022  62          24829 GPS  -31.304 -31.084 -0.000 
G16 2022  62          24830 GPS  -31.207 -31.085 -0.000 
G16 2022  62          24831 GPS  -31.198 -31.085 -0.000 
G16 2022  62          24832 GPS  -31.192 -31.086 -0.000 
G16 2022  62          24833 GPS  -31.143 -31.086 -0.000 
G16 2022  62          24834 GPS  -31.124 -31.086 -0.000 
G16 2022  62          24835 GPS  -31.077 -31.086 -0.000 
G16 2022  62          24836 GPS  -31.103 -31.086 -0.000 
G16 2022  62          24837 GPS  -31.111 -31.086 -0.000 
G16 2022  62          24838 GPS  -31.103 -31.086 -0.000 
G16 2022  62          24839 GPS  -31.097 -31.086 -0.000 
G16 2022  62          24840 GPS  -31.086 -31.086 -0.000 
G16 2022  62          24841 GPS  -31.116 -31.086 -0.000 
G16 2022  62          24842 GPS  -31.105 -31.086 -0.000 
G16 2022  62          24843 GPS  -31.112 -31.086 -0.000 
G16 2022  62          24844 GPS  -31.150 -31.087 -0.000 
G16 2022  62          24845 GPS  -31.136 -31.087 -0.000 
G16 2022  62          24846 GPS  -31.146 -31.087 -0.000 
G16 2022  62          24847 GPS  -31.155 -31.087 -0.000 
G16 2022  62          24848 GPS  -31.157 -31.088 -0.000 
G16 2022  62          24849 GPS  -31.136 -31.088 -0.000 
G16 2022  62          24850 GPS  -31.151 -31.088 -0.000 
G16 2022  62          24851 GPS  -31.147 -31.088 -0.000 
G16 2022  62          24852 GPS  -31.129 -31.088 -0.000 
G16 2022  62          24853 GPS  -31.142 -31.089 -0.000 
G16 2022  62          24854 GPS  -31.106 -31.089 -0.000 
G16 2022  62          24855 GPS  -31.135 -31.089 -0.000 
G16 2022  62          24856 GPS  -31.145 -31.089 -0.000 
G16 2022  62          24857 GPS  -31.155 -31.089 -0.000 
G16 2022  62          24858 GPS  -31.102 -31.089 -0.000 
G16 2022  62          24859 GPS  -31.132 -31.089 -0.000 
G16 2022  62          24860 GPS  -31.087 -31.089 -0.000 
G16 2022  62          24861 GPS  -31.119 -31.090 -0.000 
G16 2022  62          24862 GPS  -31.067 -31.089 -0.000 
G16 2022  62          24863 GPS  -31.120 -31.090 -0.000 
G16 2022  62          24864 GPS  -31.123 -31.090 -0.000 
G16 2022  62          24865 GPS  -31.149 -31.090 -0.000 
G16 2022  62          24866 GPS  -31.165 -31.090 -0.000 
G16 2022  62          24867 GPS  -31.178 -31.090 -0.000 
G16 2022  62          24868 GPS  -31.183 -31.091 -0.000 
G16 2022  62          24869 GPS  -31.166 -31.091 -0.000 
G16 2022  62          24870 GPS  -31.184 -31.091 -0.000 
G16 2022  62          24871 GPS  -31.197 -31.092 -0.000 
G16 2022  62          24872 GPS  -31.185 -31.092 -0.000 
G16 2022  62          24873 GPS  -31.200 -31.092 -0.000 
G16 2022  62          24874 GPS  -31.205 -31.093 -0.000 
G16 2022  62          24875 GPS  -31.156 -31.093 -0.000 
G16 2022  62          24876 GPS  -31.157 -31.093 -0.000 
G16 2022  62          24877 GPS  -31.201 -31.094 -0.000 
G16 2022  62          24878 GPS  -31.234 -31.094 -0.000 
G16 2022  62          24879 GPS  -31.218 -31.094 -0.000 
G16 2022  62          24880 GPS  -31.210 -31.095 -0.000 
G16 2022  62          24881 GPS  -31.202 -31.095 -0.000 
G16 2022  62          24882 GPS  -31.143 -31.095 -0.000 
G16 2022  62          24883 GPS  -31.144 -31.095 -0.000 
G16 2022  62          24884 GPS  -31.175 -31.096 -0.000 
G16 2022  62          24885 GPS  -31.181 -31.096 -0.000 
G16 2022  62          24886 GPS  -31.185 -31.096 -0.000 
G16 2022  62          24887 GPS  -31.197 -31.097 -0.000 
G16 2022  62          24888 GPS  -31.241 -31.097 -0.000 
G16 2022  62          24889 GPS  -31.231 -31.097 -0.000 
G16 2022  62          24890 GPS  -31.226 -31.098 -0.000 
G16 2022  62          24891 GPS  -31.234 -31.098 -0.000 
G16 2022  62          24892 GPS  -31.233 -31.099 -0.000 
G16 2022  62          24893 GPS  -31.209 -31.099 -0.000 
G16 2022  62          24894 GPS  -31.197 -31.099 -0.000 
G16 2022  62          24895 GPS  -31.172 -31.100 -0.000 
G16 2022  62          24896 GPS  -31.173 -31.100 -0.000 
G16 2022  62          24897 GPS  -31.196 -31.100 -0.000 
G16 2022  62          24898 GPS  -31.228 -31.101 -0.000 
G16 2022  62          24899 GPS  -31.252 -31.101 -0.000 
G16 2022  62          24900 GPS  -31.206 -31.101 -0.000 
G16 2022  62          24901 GPS  -31.207 -31.102 -0.000 
G16 2022  62          24902 GPS  -31.159 -31.102 -0.000 
G16 2022  62          24903 GPS  -31.150 -31.102 -0.000 
G16 2022  62          24904 GPS  -31.200 -31.102 -0.000 
G16 2022  62          24905 GPS  -31.183 -31.103 -0.000 
G16 2022  62          24906 GPS  -31.179 -31.103 -0.000 
G16 2022  62          24907 GPS  -31.224 -31.103 -0.000 
G16 2022  62          24908 GPS  -31.230 -31.103 -0.000 
G16 2022  62          24909 GPS  -31.240 -31.104 -0.000 
G16 2022  62          24910 GPS  -31.211 -31.104 -0.000 
G16 2022  62          24911 GPS  -31.174 -31.104 -0.000 
G16 2022  62          24912 GPS  -31.149 -31.105 -0.000 
G16 2022  62          24913 GPS  -31.143 -31.105 -0.000 
G16 2022  62          24914 GPS  -31.176 -31.105 -0.000 
G16 2022  62          24915 GPS  -31.187 -31.105 -0.000 
G16 2022  62          24916 GPS  -31.192 -31.105 -0.000 
G16 2022  62          24917 GPS  -31.221 -31.106 -0.000 
G16 2022  62          24918 GPS  -31.227 -31.106 -0.000 
G16 2022  62          24919 GPS  -31.215 -31.106 -0.000 
G16 2022  62          24920 GPS  -31.198 -31.107 -0.000 
G16 2022  62          24921 GPS  -31.196 -31.107 -0.000 
G16 2022  62          24922 GPS  -31.271 -31.107 -0.000 
G16 2022  62          24923 GPS  -31.278 -31.108 -0.000 
G16 2022  62          24924 GPS  -31.283 -31.108 -0.000 
G16 2022  62          24925 GPS  -31.278 -31.109 -0.000 
G16 2022  62          24926 GPS  -31.296 -31.109 -0.000 
G16 2022  62          24927 GPS  -31.260 -31.110 -0.000 
G16 2022  62          24928 GPS  -31.222 -31.110 -0.000 
G16 2022  62          24929 GPS  -31.179 -31.110 -0.000 
G16 2022  62          24930 GPS  -31.193 -31.111 -0.000 
G16 2022  62          24931 GPS  -31.239 -31.111 -0.000 
G16 2022  62          24932 GPS  -31.253 -31.111 -0.000 
G16 2022  62          24933 GPS  -31.261 -31.112 -0.000 
G16 2022  62          24934 GPS  -31.261 -31.112 -0.000 
G16 2022  62          24935 GPS  -31.301 -31.113 -0.000 
G16 2022  62          24936 GPS  -31.280 -31.113 -0.000 
G16 2022  62          24937 GPS  -31.248 -31.114 -0.000 
G16 2022  62          24938 GPS  -31.258 -31.114 -0.000 
G16 2022  62          24939 GPS  -31.234 -31.114 -0.000 
G16 2022  62          24940 GPS  -31.238 -31.115 -0.000 
G16 2022  62          24941 GPS  -31.243 -31.115 -0.000 
G16 2022  62          24942 GPS  -31.213 -31.115 -0.000 
G16 2022  62          24943 GPS  -31.191 -31.115 -0.000 
G16 2022  62          24944 GPS  -31.201 -31.116 -0.000 
G16 2022  62          24945 GPS  -31.186 -31.116 -0.000 
G16 2022  62          24946 GPS  -31.192 -31.116 -0.000 
G16 2022  62          24947 GPS  -31.225 -31.116 -0.000 
G16 2022  62          24948 GPS  -31.203 -31.117 -0.000 
G16 2022  62          24949 GPS  -31.170 -31.117 -0.000 
G16 2022  62          24950 GPS  -31.152 -31.117 -0.000 
G16 2022  62          24951 GPS  -31.146 -31.117 -0.000 
G16 2022  62          24952 GPS  -31.166 -31.117 -0.000 
G16 2022  62          24953 GPS  -31.158 -31.117 -0.000 
G16 2022  62          24954 GPS  -31.157 -31.117 -0.000 
G16 2022  62          24955 GPS  -31.155 -31.117 -0.000 
G16 2022  62          24956 GPS  -31.156 -31.117 -0.000 
G16 2022  62          24957 GPS  -31.134 -31.117 -0.000 
G16 2022  62          24958 GPS  -31.106 -31.117 -0.000 
G16 2022  62          24959 GPS  -31.134 -31.117 -0.000 
G16 2022  62          24960 GPS  -31.157 -31.118 -0.000 
G16 2022  62          24961 GPS  -31.212 -31.118 -0.000 
G16 2022  62          24962 GPS  -31.188 -31.118 -0.000 
G16 2022  62          24963 GPS  -31.145 -31.118 -0.000 
G16 2022  62          24964 GPS  -31.147 -31.118 -0.000 
G16 2022  62          24965 GPS  -31.149 -31.118 -0.000 
G16 2022  62          24966 GPS  -31.173 -31.118 -0.000 
G16 2022  62          24967 GPS  -31.205 -31.119 -0.000 
G16 2022  62          24968 GPS  -31.223 -31.119 -0.000 
G16 2022  62          24969 GPS  -31.239 -31.119 -0.000 
G16 2022  62          24970 GPS  -31.218 -31.119 -0.000 
G16 2022  62          24971 GPS  -31.206 -31.120 -0.000 
G16 2022  62          24972 GPS  -31.165 -31.120 -0.000 
G16 2022  62          24973 GPS  -31.228 -31.120 -0.000 
G16 2022  62          24974 GPS  -31.216 -31.120 -0.000 
G16 2022  62          24975 GPS  -31.189 -31.120 -0.000 
G16 2022  62          24976 GPS  -31.179 -31.121 -0.000 
G16 2022  62          24977 GPS  -31.167 -31.121 -0.000 
G16 2022  62          24978 GPS  -31.169 -31.121 -0.000 
G16 2022  62          24979 GPS  -31.173 -31.121 -0.000 
G16 2022  62          24980 GPS  -31.219 -31.121 -0.000 
G16 2022  62          24981 GPS  -31.202 -31.121 -0.000 
G16 2022  62          24982 GPS  -31.205 -31.122 -0.000 
G16 2022  62          24983 GPS  -31.194 -31.122 -0.000 
G16 2022  62          24984 GPS  -31.210 -31.122 -0.000 
G16 2022  62          24985 GPS  -31.228 -31.122 -0.000 
G16 2022  62          24986 GPS  -31.240 -31.123 -0.000 
G16 2022  62          24987 GPS  -31.218 -31.123 -0.000 
G16 2022  62          24988 GPS  -31.231 -31.123 -0.000 
G16 2022  62          24989 GPS  -31.153 -31.123 -0.000 
G16 2022  62          24990 GPS  -31.179 -31.123 -0.000 
G16 2022  62          24991 GPS  -31.190 -31.123 -0.000 
G16 2022  62          24992 GPS  -31.164 -31.123 -0.000 
G16 2022  62          24993 GPS  -31.163 -31.124 -0.000 
G16 2022  62          24994 GPS  -31.157 -31.124 -0.000 
G16 2022  62          24995 GPS  -31.190 -31.124 -0.000 
G16 2022  62          24996 GPS  -31.183 -31.124 -0.000 
G16 2022  62          24997 GPS  -31.203 -31.124 -0.000 
G16 2022  62          24998 GPS  -31.176 -31.124 -0.000 
G16 2022  62          24999 GPS  -31.166 -31.124 -0.000 
G16 2022  62          25000 GPS  -31.182 -31.124 -0.000 
G16 2022  62          25001 GPS  -31.213 -31.125 -0.000 
G16 2022  62          25002 GPS  -31.244 -31.125 -0.000 
G16 2022  62          25003 GPS  -31.223 -31.125 -0.000 
G16 2022  62          25004 GPS  -31.233 -31.125 -0.000 
G16 2022  62          25005 GPS  -31.221 -31.126 -0.000 
G16 2022  62          25006 GPS  -31.189 -31.126 -0.000 
G16 2022  62          25007 GPS  -31.188 -31.126 -0.000 
G16 2022  62          25008 GPS  -31.174 -31.126 -0.000 
G16 2022  62          25009 GPS  -31.253 -31.126 -0.000 
G16 2022  62          25010 GPS  -31.271 -31.127 -0.000 
G16 2022  62          25011 GPS  -31.269 -31.127 -0.000 
G16 2022  62          25012 GPS  -31.250 -31.127 -0.000 
G16 2022  62          25013 GPS  -31.223 -31.128 -0.000 
G16 2022  62          25014 GPS  -31.213 -31.128 -0.000 
G16 2022  62          25015 GPS  -31.242 -31.128 -0.000 
G16 2022  62          25016 GPS  -31.254 -31.128 -0.000 
G16 2022  62          25017 GPS  -31.299 -31.129 -0.000 
G16 2022  62          25018 GPS  -31.289 -31.129 -0.000 
G16 2022  62          25019 GPS  -31.270 -31.129 -0.000 
G16 2022  62          25020 GPS  -31.308 -31.130 -0.000 
G16 2022  62          25021 GPS  -31.308 -31.130 -0.000 
G16 2022  62          25022 GPS  -31.295 -31.131 -0.000 
G16 2022  62          25023 GPS  -31.269 -31.131 -0.000 
G16 2022  62          25024 GPS  -31.225 -31.131 -0.000 
G16 2022  62          25025 GPS  -31.199 -31.131 -0.000 
G16 2022  62          25026 GPS  -31.233 -31.131 -0.000 
G16 2022  62          25027 GPS  -31.265 -31.132 -0.000 
G16 2022  62          25028 GPS  -31.301 -31.132 -0.000 
G16 2022  62          25029 GPS  -31.315 -31.132 -0.000 
G16 2022  62          25030 GPS  -31.338 -31.133 -0.000 
G16 2022  62          25031 GPS  -31.368 -31.133 -0.000 
G16 2022  62          25032 GPS  -31.335 -31.134 -0.000 
G16 2022  62          25033 GPS  -31.353 -31.134 -0.000 
G16 2022  62          25034 GPS  -31.306 -31.135 -0.000 
G16 2022  62          25035 GPS  -31.339 -31.135 -0.000 
G16 2022  62          25036 GPS  -31.356 -31.136 -0.000 
G16 2022  62          25037 GPS  -31.327 -31.136 -0.000 
G16 2022  62          25038 GPS  -31.364 -31.137 -0.000 
G16 2022  62          25039 GPS  -31.382 -31.137 -0.000 
G16 2022  62          25040 GPS  -31.367 -31.138 -0.000 
G16 2022  62          25041 GPS  -31.364 -31.138 -0.000 
G16 2022  62          25042 GPS  -31.408 -31.139 -0.000 
G16 2022  62          25043 GPS  -31.412 -31.139 -0.000 
G16 2022  62          25044 GPS  -31.399 -31.140 -0.000 
G16 2022  62          25045 GPS  -31.438 -31.140 -0.000 
G16 2022  62          25046 GPS  -31.398 -31.141 -0.000 
G16 2022  62          25047 GPS  -31.371 -31.141 -0.000 
G16 2022  62          25048 GPS  -31.429 -31.142 -0.000 
G16 2022  62          25049 GPS  -31.447 -31.143 -0.000 
G16 2022  62          25050 GPS  -31.366 -31.143 -0.000 
G16 2022  62          25051 GPS  -31.408 -31.144 -0.000 
G16 2022  62          25052 GPS  -31.368 -31.144 -0.000 
G16 2022  62          25053 GPS  -31.309 -31.145 -0.000 
G16 2022  62          25054 GPS  -31.290 -31.145 -0.000 
G16 2022  62          25055 GPS  -31.292 -31.145 -0.000 
G16 2022  62          25056 GPS  -31.358 -31.146 -0.000 
G16 2022  62          25057 GPS  -31.365 -31.146 -0.000 
G16 2022  62          25058 GPS  -31.367 -31.147 -0.000 
G16 2022  62          25059 GPS  -31.345 -31.147 -0.000 
G16 2022  62          25060 GPS  -31.360 -31.147 -0.000 
G16 2022  62          25061 GPS  -31.324 -31.148 -0.000 
G16 2022  62          25062 GPS  -31.340 -31.148 -0.000 
G16 2022  62          25063 GPS  -31.334 -31.149 -0.000 
G16 2022  62          25064 GPS  -31.307 -31.149 -0.000 
G16 2022  62          25065 GPS  -31.322 -31.149 -0.000 
G16 2022  62          25066 GPS  -31.260 -31.149 -0.000 
G16 2022  62          25067 GPS  -31.241 -31.150 -0.000 
G16 2022  62          25068 GPS  -31.277 -31.150 -0.000 
G16 2022  62          25069 GPS  -31.283 -31.150 -0.000 
G16 2022  62          25070 GPS  -31.262 -31.150 -0.000 
G16 2022  62          25071 GPS  -31.273 -31.151 -0.000 
G16 2022  62          25072 GPS  -31.298 -31.151 -0.000 
G16 2022  62          25073 GPS  -31.229 -31.151 -0.000 
G16 2022  62          25074 GPS  -31.231 -31.151 -0.000 
G16 2022  62          25075 GPS  -31.226 -31.151 -0.000 
G16 2022  62          25076 GPS  -31.229 -31.152 -0.000 
G16 2022  62          25077 GPS  -31.233 -31.152 -0.000 
G16 2022  62          25078 GPS  -31.254 -31.152 -0.000 
G16 2022  62          25079 GPS  -31.244 -31.152 -0.000 
G16 2022  62          25080 GPS  -31.190 -31.152 -0.000 
G16 2022  62          25081 GPS  -31.183 -31.152 -0.000 
G16 2022  62          25082 GPS  -31.242 -31.152 -0.000 
G16 2022  62          25083 GPS  -31.236 -31.153 -0.000 
G16 2022  62          25084 GPS  -31.237 -31.153 -0.000 
G16 2022  62          25085 GPS  -31.204 -31.153 -0.000 
G16 2022  62          25086 GPS  -31.185 -31.153 -0.000 
G16 2022  62          25087 GPS  -31.175 -31.153 -0.000 
G16 2022  62          25088 GPS  -31.205 -31.153 -0.000 
G16 2022  62          25089 GPS  -31.191 -31.153 -0.000 
G16 2022  62          25090 GPS  -31.239 -31.153 -0.000 
G16 2022  62          25091 GPS  -31.257 -31.153 -0.000 
G16 2022  62          25092 GPS  -31.243 -31.154 -0.000 
G16 2022  62          25093 GPS  -31.324 -31.154 -0.000 
G16 2022  62          25094 GPS  -31.335 -31.154 -0.000 
G16 2022  62          25095 GPS  -31.305 -31.155 -0.000 
G16 2022  62          25096 GPS  -31.243 -31.155 -0.000 
G16 2022  62          25097 GPS  -31.244 -31.155 -0.000 
G16 2022  62          25098 GPS  -31.325 -31.155 -0.000 
G16 2022  62          25099 GPS  -31.304 -31.156 -0.000 
G16 2022  62          25100 GPS  -31.267 -31.156 -0.000 
G16 2022  62          25101 GPS  -31.277 -31.156 -0.000 
G16 2022  62          25102 GPS  -31.302 -31.156 -0.000 
G16 2022  62          25103 GPS  -31.360 -31.157 -0.000 
G16 2022  62          25104 GPS  -31.301 -31.157 -0.000 
G16 2022  62          25105 GPS  -31.329 -31.157 -0.000 
G16 2022  62          25106 GPS  -31.303 -31.158 -0.000 
G16 2022  62          25107 GPS  -31.323 -31.158 -0.000 
G16 2022  62          25108 GPS  -31.299 -31.158 -0.000 
G16 2022  62          25109 GPS  -31.283 -31.158 -0.000 
G16 2022  62          25110 GPS  -31.315 -31.159 -0.000 
G16 2022  62          25111 GPS  -31.292 -31.159 -0.000 
G16 2022  62          25112 GPS  -31.301 -31.159 -0.000 
G16 2022  62          25113 GPS  -31.260 -31.159 -0.000 
G16 2022  62          25114 GPS  -31.233 -31.159 -0.000 
G16 2022  62          25115 GPS  -31.205 -31.160 -0.000 
G16 2022  62          25116 GPS  -31.239 -31.160 -0.000 
G16 2022  62          25117 GPS  -31.273 -31.160 -0.000 
G16 2022  62          25118 GPS  -31.248 -31.160 -0.000 
G16 2022  62          25119 GPS  -31.234 -31.160 -0.000 
G16 2022  62          25120 GPS  -31.209 -31.160 -0.000 
G16 2022  62          25121 GPS  -31.249 -31.160 -0.000 
G16 2022  62          25122 GPS  -31.272 -31.161 -0.000 
G16 2022  62          25123 GPS  -31.252 -31.161 -0.000 
G16 2022  62          25124 GPS  -31.244 -31.161 -0.000 
G16 2022  62          25125 GPS  -31.230 -31.161 -0.000 
G16 2022  62          25126 GPS  -31.227 -31.161 -0.000 
G16 2022  62          25127 GPS  -31.324 -31.162 -0.000 
G16 2022  62          25128 GPS  -31.298 -31.162 -0.000 
G16 2022  62          25131 GPS  -32.054 -32.054 -32.054 
G16 2022  62          25132 GPS  -31.956 -32.005 -0.000 
G16 2022  62          25133 GPS  -31.971 -31.994 -0.000 
G16 2022  62          25134 GPS  -32.017 -31.999 -0.000 
G16 2022  62          25135 GPS  -32.049 -32.009 -0.000 
G16 2022  62          25136 GPS  -32.051 -32.016 -0.000 
G16 2022  62          25137 GPS  -31.975 -32.010 -0.000 
G16 2022  62          25138 GPS  -31.932 -32.001 -0.000 
G16 2022  62          25139 GPS  -31.930 -31.993 -0.000 
G16 2022  62          25140 GPS  -31.926 -31.986 -0.000 
G16 2022  62          25141 GPS  -31.928 -31.981 -0.000 
G16 2022  62          25142 GPS  -31.912 -31.975 -0.000 
G16 2022  62          25143 GPS  -31.960 -31.974 -0.000 
G16 2022  62          25144 GPS  -32.002 -31.976 -0.000 
G16 2022  62          25145 GPS  -31.993 -31.977 -0.000 
G16 2022  62          25146 GPS  -32.010 -31.979 -0.000 
G16 2022  62          25147 GPS  -31.983 -31.979 -0.000 
G16 2022  62          25148 GPS  -32.026 -31.982 -0.000 
G16 2022  62          25149 GPS  -32.021 -31.984 -0.000 
G16 2022  62          25150 GPS  -31.968 -31.983 -0.000 
G16 2022  62          25151 GPS  -31.940 -31.981 -0.000 
G16 2022  62          25152 GPS  -31.940 -31.979 -0.000 
G16 2022  62          25153 GPS  -32.016 -31.981 -0.000 
G16 2022  62          25154 GPS  -32.053 -31.984 -0.000 
G16 2022  62          25156 GPS  -32.179 -31.992 -0.000 
G16 2022  62          25157 GPS  -32.132 -31.997 -0.000 
G16 2022  62          25158 GPS  -32.014 -31.998 -0.000 
G16 2022  62          25159 GPS  -31.973 -31.997 -0.000 
G16 2022  62          25162 GPS  -8.624 -8.624 -8.624 
G16 2022  62          25170 GPS  -6.684 -6.684 -6.684 
G16 2022  62          25176 GPS  -39.033 -39.033 -39.033 
G16 2022  62          25179 GPS  -18.178 -18.178 -18.178 
G16 2022  62          25184 GPS  -33.821 -33.821 -33.821 
G16 2022  62          25187 GPS  -37.947 -37.947 -37.947 
G16 2022  62          25188 GPS  -37.586 -37.766 -0.000 
