G21 2022  62          24517 GPS  -115.585 -115.585 -115.585 
G21 2022  62          24518 GPS  -115.591 -115.588 -0.000 
G21 2022  62          24519 GPS  -115.593 -115.590 -0.000 
G21 2022  62          24520 GPS  -115.585 -115.588 -0.000 
G21 2022  62          24521 GPS  -115.589 -115.588 -0.000 
G21 2022  62          24522 GPS  -115.584 -115.588 -0.000 
G21 2022  62          24523 GPS  -115.592 -115.588 -0.000 
G21 2022  62          24524 GPS  -115.596 -115.589 -0.000 
G21 2022  62          24525 GPS  -115.592 -115.590 -0.000 
G21 2022  62          24526 GPS  -115.605 -115.591 -0.000 
G21 2022  62          24527 GPS  -115.606 -115.592 -0.000 
G21 2022  62          24528 GPS  -115.602 -115.593 -0.000 
G21 2022  62          24529 GPS  -115.596 -115.594 -0.000 
G21 2022  62          24530 GPS  -115.595 -115.594 -0.000 
G21 2022  62          24531 GPS  -115.593 -115.594 -0.000 
G21 2022  62          24532 GPS  -115.593 -115.594 -0.000 
G21 2022  62          24533 GPS  -115.587 -115.593 -0.000 
G21 2022  62          24534 GPS  -115.577 -115.592 -0.000 
G21 2022  62          24535 GPS  -115.578 -115.592 -0.000 
G21 2022  62          24536 GPS  -115.591 -115.592 -0.000 
G21 2022  62          24537 GPS  -115.598 -115.592 -0.000 
G21 2022  62          24538 GPS  -115.591 -115.592 -0.000 
G21 2022  62          24539 GPS  -115.590 -115.592 -0.000 
G21 2022  62          24540 GPS  -115.585 -115.591 -0.000 
G21 2022  62          24541 GPS  -115.587 -115.591 -0.000 
G21 2022  62          24542 GPS  -115.590 -115.591 -0.000 
G21 2022  62          24543 GPS  -115.589 -115.591 -0.000 
G21 2022  62          24544 GPS  -115.585 -115.591 -0.000 
G21 2022  62          24545 GPS  -115.591 -115.591 -0.000 
G21 2022  62          24546 GPS  -115.604 -115.591 -0.000 
G21 2022  62          24547 GPS  -115.611 -115.592 -0.000 
G21 2022  62          24548 GPS  -115.614 -115.593 -0.000 
G21 2022  62          24549 GPS  -115.600 -115.593 -0.000 
G21 2022  62          24550 GPS  -115.603 -115.593 -0.000 
G21 2022  62          24551 GPS  -115.587 -115.593 -0.000 
G21 2022  62          24552 GPS  -115.575 -115.593 -0.000 
G21 2022  62          24553 GPS  -115.570 -115.592 -0.000 
G21 2022  62          24554 GPS  -115.572 -115.591 -0.000 
G21 2022  62          24555 GPS  -115.571 -115.591 -0.000 
G21 2022  62          24556 GPS  -115.571 -115.590 -0.000 
G21 2022  62          24557 GPS  -115.571 -115.590 -0.000 
G21 2022  62          24558 GPS  -115.562 -115.589 -0.000 
G21 2022  62          24559 GPS  -115.578 -115.589 -0.000 
G21 2022  62          24560 GPS  -115.579 -115.589 -0.000 
G21 2022  62          24561 GPS  -115.572 -115.588 -0.000 
G21 2022  62          24562 GPS  -115.582 -115.588 -0.000 
G21 2022  62          24563 GPS  -115.575 -115.588 -0.000 
G21 2022  62          24564 GPS  -115.578 -115.588 -0.000 
G21 2022  62          24565 GPS  -115.581 -115.588 -0.000 
G21 2022  62          24566 GPS  -115.584 -115.588 -0.000 
G21 2022  62          24567 GPS  -115.586 -115.587 -0.000 
G21 2022  62          24568 GPS  -115.595 -115.588 -0.000 
G21 2022  62          24569 GPS  -115.590 -115.588 -0.000 
G21 2022  62          24570 GPS  -115.593 -115.588 -0.000 
G21 2022  62          24571 GPS  -115.585 -115.588 -0.000 
G21 2022  62          24572 GPS  -115.579 -115.588 -0.000 
G21 2022  62          24573 GPS  -115.580 -115.587 -0.000 
G21 2022  62          24574 GPS  -115.578 -115.587 -0.000 
G21 2022  62          24575 GPS  -115.592 -115.587 -0.000 
G21 2022  62          24576 GPS  -115.584 -115.587 -0.000 
G21 2022  62          24577 GPS  -115.581 -115.587 -0.000 
G21 2022  62          24578 GPS  -115.572 -115.587 -0.000 
G21 2022  62          24579 GPS  -115.585 -115.587 -0.000 
G21 2022  62          24580 GPS  -115.585 -115.587 -0.000 
G21 2022  62          24581 GPS  -115.597 -115.587 -0.000 
G21 2022  62          24582 GPS  -115.607 -115.587 -0.000 
G21 2022  62          24583 GPS  -115.612 -115.588 -0.000 
G21 2022  62          24584 GPS  -115.598 -115.588 -0.000 
G21 2022  62          24585 GPS  -115.593 -115.588 -0.000 
G21 2022  62          24586 GPS  -115.595 -115.588 -0.000 
G21 2022  62          24587 GPS  -115.597 -115.588 -0.000 
G21 2022  62          24588 GPS  -115.611 -115.589 -0.000 
G21 2022  62          24589 GPS  -115.608 -115.589 -0.000 
G21 2022  62          24590 GPS  -115.592 -115.589 -0.000 
G21 2022  62          24591 GPS  -115.596 -115.589 -0.000 
G21 2022  62          24592 GPS  -115.594 -115.589 -0.000 
G21 2022  62          24593 GPS  -115.591 -115.589 -0.000 
G21 2022  62          24594 GPS  -115.610 -115.589 -0.000 
G21 2022  62          24595 GPS  -115.621 -115.590 -0.000 
G21 2022  62          24596 GPS  -115.632 -115.590 -0.000 
G21 2022  62          24597 GPS  -115.623 -115.591 -0.000 
G21 2022  62          24598 GPS  -115.634 -115.591 -0.000 
G21 2022  62          24599 GPS  -115.635 -115.592 -0.000 
G21 2022  62          24600 GPS  -115.635 -115.592 -0.000 
G21 2022  62          24601 GPS  -115.624 -115.593 -0.000 
G21 2022  62          24602 GPS  -115.623 -115.593 -0.000 
G21 2022  62          24603 GPS  -115.612 -115.593 -0.000 
G21 2022  62          24604 GPS  -115.619 -115.593 -0.000 
G21 2022  62          24605 GPS  -115.620 -115.594 -0.000 
G21 2022  62          24606 GPS  -115.631 -115.594 -0.000 
G21 2022  62          24607 GPS  -115.637 -115.595 -0.000 
G21 2022  62          24608 GPS  -115.629 -115.595 -0.000 
G21 2022  62          24609 GPS  -115.637 -115.595 -0.000 
G21 2022  62          24610 GPS  -115.623 -115.596 -0.000 
G21 2022  62          24611 GPS  -115.623 -115.596 -0.000 
G21 2022  62          24612 GPS  -115.624 -115.596 -0.000 
G21 2022  62          24613 GPS  -115.618 -115.597 -0.000 
G21 2022  62          24614 GPS  -115.614 -115.597 -0.000 
G21 2022  62          24615 GPS  -115.609 -115.597 -0.000 
G21 2022  62          24616 GPS  -115.606 -115.597 -0.000 
G21 2022  62          24617 GPS  -115.584 -115.597 -0.000 
G21 2022  62          24618 GPS  -115.597 -115.597 -0.000 
G21 2022  62          24619 GPS  -115.588 -115.597 -0.000 
G21 2022  62          24620 GPS  -115.585 -115.597 -0.000 
G21 2022  62          24621 GPS  -115.594 -115.597 -0.000 
G21 2022  62          24622 GPS  -115.584 -115.596 -0.000 
G21 2022  62          24623 GPS  -115.586 -115.596 -0.000 
G21 2022  62          24624 GPS  -115.597 -115.596 -0.000 
G21 2022  62          24625 GPS  -115.617 -115.597 -0.000 
G21 2022  62          24626 GPS  -115.618 -115.597 -0.000 
G21 2022  62          24627 GPS  -115.615 -115.597 -0.000 
G21 2022  62          24628 GPS  -115.613 -115.597 -0.000 
G21 2022  62          24629 GPS  -115.621 -115.597 -0.000 
G21 2022  62          24630 GPS  -115.615 -115.597 -0.000 
G21 2022  62          24631 GPS  -115.613 -115.598 -0.000 
G21 2022  62          24632 GPS  -115.607 -115.598 -0.000 
G21 2022  62          24633 GPS  -115.608 -115.598 -0.000 
G21 2022  62          24634 GPS  -115.596 -115.598 -0.000 
G21 2022  62          24635 GPS  -115.584 -115.598 -0.000 
G21 2022  62          24636 GPS  -115.578 -115.597 -0.000 
G21 2022  62          24637 GPS  -115.601 -115.597 -0.000 
G21 2022  62          24638 GPS  -115.600 -115.597 -0.000 
G21 2022  62          24639 GPS  -115.589 -115.597 -0.000 
G21 2022  62          24640 GPS  -115.585 -115.597 -0.000 
G21 2022  62          24641 GPS  -115.595 -115.597 -0.000 
G21 2022  62          24642 GPS  -115.581 -115.597 -0.000 
G21 2022  62          24643 GPS  -115.576 -115.597 -0.000 
G21 2022  62          24644 GPS  -115.576 -115.597 -0.000 
G21 2022  62          24645 GPS  -115.579 -115.597 -0.000 
G21 2022  62          24646 GPS  -115.579 -115.597 -0.000 
G21 2022  62          24647 GPS  -115.576 -115.596 -0.000 
G21 2022  62          24648 GPS  -115.577 -115.596 -0.000 
G21 2022  62          24649 GPS  -115.590 -115.596 -0.000 
G21 2022  62          24650 GPS  -115.573 -115.596 -0.000 
G21 2022  62          24651 GPS  -115.573 -115.596 -0.000 
G21 2022  62          24652 GPS  -115.564 -115.596 -0.000 
G21 2022  62          24653 GPS  -115.559 -115.595 -0.000 
G21 2022  62          24654 GPS  -115.559 -115.595 -0.000 
G21 2022  62          24655 GPS  -115.553 -115.595 -0.000 
G21 2022  62          24656 GPS  -115.568 -115.595 -0.000 
G21 2022  62          24657 GPS  -115.564 -115.594 -0.000 
G21 2022  62          24658 GPS  -115.570 -115.594 -0.000 
G21 2022  62          24659 GPS  -115.575 -115.594 -0.000 
G21 2022  62          24660 GPS  -115.562 -115.594 -0.000 
G21 2022  62          24661 GPS  -115.560 -115.594 -0.000 
G21 2022  62          24662 GPS  -115.556 -115.593 -0.000 
G21 2022  62          24663 GPS  -115.553 -115.593 -0.000 
G21 2022  62          24664 GPS  -115.545 -115.593 -0.000 
G21 2022  62          24665 GPS  -115.536 -115.592 -0.000 
G21 2022  62          24666 GPS  -115.551 -115.592 -0.000 
G21 2022  62          24667 GPS  -115.556 -115.592 -0.000 
G21 2022  62          24668 GPS  -115.551 -115.592 -0.000 
G21 2022  62          24669 GPS  -115.547 -115.591 -0.000 
G21 2022  62          24670 GPS  -115.535 -115.591 -0.000 
G21 2022  62          24671 GPS  -115.540 -115.591 -0.000 
G21 2022  62          24672 GPS  -115.548 -115.590 -0.000 
G21 2022  62          24673 GPS  -115.550 -115.590 -0.000 
G21 2022  62          24674 GPS  -115.545 -115.590 -0.000 
G21 2022  62          24675 GPS  -115.548 -115.590 -0.000 
G21 2022  62          24676 GPS  -115.545 -115.589 -0.000 
G21 2022  62          24677 GPS  -115.536 -115.589 -0.000 
G21 2022  62          24678 GPS  -115.539 -115.589 -0.000 
G21 2022  62          24679 GPS  -115.539 -115.588 -0.000 
G21 2022  62          24680 GPS  -115.547 -115.588 -0.000 
G21 2022  62          24681 GPS  -115.550 -115.588 -0.000 
G21 2022  62          24682 GPS  -115.552 -115.588 -0.000 
G21 2022  62          24683 GPS  -115.555 -115.587 -0.000 
G21 2022  62          24684 GPS  -115.556 -115.587 -0.000 
G21 2022  62          24685 GPS  -115.554 -115.587 -0.000 
G21 2022  62          24686 GPS  -115.553 -115.587 -0.000 
G21 2022  62          24687 GPS  -115.558 -115.587 -0.000 
G21 2022  62          24688 GPS  -115.554 -115.587 -0.000 
G21 2022  62          24689 GPS  -115.556 -115.586 -0.000 
G21 2022  62          24690 GPS  -115.552 -115.586 -0.000 
G21 2022  62          24691 GPS  -115.531 -115.586 -0.000 
G21 2022  62          24692 GPS  -115.526 -115.585 -0.000 
G21 2022  62          24693 GPS  -115.526 -115.585 -0.000 
G21 2022  62          24694 GPS  -115.533 -115.585 -0.000 
G21 2022  62          24695 GPS  -115.540 -115.585 -0.000 
G21 2022  62          24696 GPS  -115.540 -115.584 -0.000 
G21 2022  62          24697 GPS  -115.546 -115.584 -0.000 
G21 2022  62          24698 GPS  -115.563 -115.584 -0.000 
G21 2022  62          24699 GPS  -115.560 -115.584 -0.000 
G21 2022  62          24700 GPS  -115.543 -115.584 -0.000 
G21 2022  62          24701 GPS  -115.540 -115.583 -0.000 
G21 2022  62          24702 GPS  -115.535 -115.583 -0.000 
G21 2022  62          24703 GPS  -115.542 -115.583 -0.000 
G21 2022  62          24704 GPS  -115.550 -115.583 -0.000 
G21 2022  62          24705 GPS  -115.545 -115.583 -0.000 
G21 2022  62          24706 GPS  -115.543 -115.582 -0.000 
G21 2022  62          24707 GPS  -115.553 -115.582 -0.000 
G21 2022  62          24708 GPS  -115.548 -115.582 -0.000 
G21 2022  62          24709 GPS  -115.546 -115.582 -0.000 
G21 2022  62          24710 GPS  -115.537 -115.582 -0.000 
G21 2022  62          24711 GPS  -115.534 -115.581 -0.000 
G21 2022  62          24712 GPS  -115.543 -115.581 -0.000 
G21 2022  62          24713 GPS  -115.560 -115.581 -0.000 
G21 2022  62          24714 GPS  -115.570 -115.581 -0.000 
G21 2022  62          24715 GPS  -115.582 -115.581 -0.000 
G21 2022  62          24716 GPS  -115.584 -115.581 -0.000 
G21 2022  62          24717 GPS  -115.581 -115.581 -0.000 
G21 2022  62          24718 GPS  -115.589 -115.581 -0.000 
G21 2022  62          24719 GPS  -115.596 -115.581 -0.000 
G21 2022  62          24720 GPS  -115.594 -115.581 -0.000 
G21 2022  62          24721 GPS  -115.596 -115.581 -0.000 
G21 2022  62          24722 GPS  -115.605 -115.581 -0.000 
G21 2022  62          24723 GPS  -115.602 -115.582 -0.000 
G21 2022  62          24724 GPS  -115.601 -115.582 -0.000 
G21 2022  62          24725 GPS  -115.599 -115.582 -0.000 
G21 2022  62          24726 GPS  -115.603 -115.582 -0.000 
G21 2022  62          24727 GPS  -115.615 -115.582 -0.000 
G21 2022  62          24728 GPS  -115.625 -115.582 -0.000 
G21 2022  62          24729 GPS  -115.640 -115.582 -0.000 
G21 2022  62          24730 GPS  -115.634 -115.583 -0.000 
G21 2022  62          24731 GPS  -115.630 -115.583 -0.000 
G21 2022  62          24732 GPS  -115.640 -115.583 -0.000 
G21 2022  62          24733 GPS  -115.641 -115.583 -0.000 
G21 2022  62          24734 GPS  -115.621 -115.584 -0.000 
G21 2022  62          24735 GPS  -115.615 -115.584 -0.000 
G21 2022  62          24736 GPS  -115.609 -115.584 -0.000 
G21 2022  62          24737 GPS  -115.635 -115.584 -0.000 
G21 2022  62          24738 GPS  -115.628 -115.584 -0.000 
G21 2022  62          24739 GPS  -115.630 -115.584 -0.000 
G21 2022  62          24740 GPS  -115.617 -115.585 -0.000 
G21 2022  62          24741 GPS  -115.597 -115.585 -0.000 
G21 2022  62          24742 GPS  -115.591 -115.585 -0.000 
G21 2022  62          24743 GPS  -115.589 -115.585 -0.000 
G21 2022  62          24744 GPS  -115.586 -115.585 -0.000 
G21 2022  62          24745 GPS  -115.582 -115.585 -0.000 
G21 2022  62          24746 GPS  -115.581 -115.585 -0.000 
G21 2022  62          24747 GPS  -115.584 -115.585 -0.000 
G21 2022  62          24748 GPS  -115.577 -115.585 -0.000 
G21 2022  62          24749 GPS  -115.572 -115.585 -0.000 
G21 2022  62          24750 GPS  -115.572 -115.585 -0.000 
G21 2022  62          24751 GPS  -115.571 -115.584 -0.000 
G21 2022  62          24752 GPS  -115.567 -115.584 -0.000 
G21 2022  62          24753 GPS  -115.552 -115.584 -0.000 
G21 2022  62          24754 GPS  -115.562 -115.584 -0.000 
G21 2022  62          24755 GPS  -115.554 -115.584 -0.000 
G21 2022  62          24756 GPS  -115.549 -115.584 -0.000 
G21 2022  62          24757 GPS  -115.548 -115.584 -0.000 
G21 2022  62          24758 GPS  -115.545 -115.584 -0.000 
G21 2022  62          24759 GPS  -115.559 -115.583 -0.000 
G21 2022  62          24760 GPS  -115.559 -115.583 -0.000 
G21 2022  62          24761 GPS  -115.545 -115.583 -0.000 
G21 2022  62          24762 GPS  -115.562 -115.583 -0.000 
G21 2022  62          24763 GPS  -115.574 -115.583 -0.000 
G21 2022  62          24764 GPS  -115.582 -115.583 -0.000 
G21 2022  62          24765 GPS  -115.576 -115.583 -0.000 
G21 2022  62          24766 GPS  -115.578 -115.583 -0.000 
G21 2022  62          24767 GPS  -115.591 -115.583 -0.000 
G21 2022  62          24768 GPS  -115.582 -115.583 -0.000 
G21 2022  62          24769 GPS  -115.585 -115.583 -0.000 
G21 2022  62          24770 GPS  -115.569 -115.583 -0.000 
G21 2022  62          24771 GPS  -115.551 -115.583 -0.000 
G21 2022  62          24772 GPS  -115.559 -115.583 -0.000 
G21 2022  62          24773 GPS  -115.557 -115.583 -0.000 
G21 2022  62          24774 GPS  -115.546 -115.583 -0.000 
G21 2022  62          24775 GPS  -115.544 -115.582 -0.000 
G21 2022  62          24776 GPS  -115.550 -115.582 -0.000 
G21 2022  62          24777 GPS  -115.554 -115.582 -0.000 
G21 2022  62          24778 GPS  -115.543 -115.582 -0.000 
G21 2022  62          24779 GPS  -115.540 -115.582 -0.000 
G21 2022  62          24780 GPS  -115.547 -115.582 -0.000 
G21 2022  62          24781 GPS  -115.525 -115.582 -0.000 
G21 2022  62          24782 GPS  -115.511 -115.581 -0.000 
G21 2022  62          24783 GPS  -115.516 -115.581 -0.000 
G21 2022  62          24784 GPS  -115.516 -115.581 -0.000 
G21 2022  62          24785 GPS  -115.517 -115.581 -0.000 
G21 2022  62          24786 GPS  -115.524 -115.580 -0.000 
G21 2022  62          24787 GPS  -115.520 -115.580 -0.000 
G21 2022  62          24788 GPS  -115.529 -115.580 -0.000 
G21 2022  62          24789 GPS  -115.535 -115.580 -0.000 
G21 2022  62          24790 GPS  -115.539 -115.580 -0.000 
G21 2022  62          24791 GPS  -115.538 -115.579 -0.000 
G21 2022  62          24792 GPS  -115.521 -115.579 -0.000 
G21 2022  62          24793 GPS  -115.517 -115.579 -0.000 
G21 2022  62          24794 GPS  -115.517 -115.579 -0.000 
G21 2022  62          24795 GPS  -115.516 -115.579 -0.000 
G21 2022  62          24796 GPS  -115.520 -115.578 -0.000 
G21 2022  62          24797 GPS  -115.522 -115.578 -0.000 
G21 2022  62          24798 GPS  -115.514 -115.578 -0.000 
G21 2022  62          24799 GPS  -115.507 -115.578 -0.000 
G21 2022  62          24800 GPS  -115.497 -115.577 -0.000 
G21 2022  62          24801 GPS  -115.501 -115.577 -0.000 
G21 2022  62          24802 GPS  -115.518 -115.577 -0.000 
G21 2022  62          24803 GPS  -115.513 -115.577 -0.000 
G21 2022  62          24804 GPS  -115.505 -115.576 -0.000 
G21 2022  62          24805 GPS  -115.498 -115.576 -0.000 
G21 2022  62          24806 GPS  -115.513 -115.576 -0.000 
G21 2022  62          24807 GPS  -115.520 -115.576 -0.000 
G21 2022  62          24808 GPS  -115.526 -115.576 -0.000 
G21 2022  62          24809 GPS  -115.528 -115.575 -0.000 
G21 2022  62          24810 GPS  -115.532 -115.575 -0.000 
G21 2022  62          24811 GPS  -115.548 -115.575 -0.000 
G21 2022  62          24812 GPS  -115.546 -115.575 -0.000 
G21 2022  62          24813 GPS  -115.556 -115.575 -0.000 
G21 2022  62          24814 GPS  -115.558 -115.575 -0.000 
G21 2022  62          24815 GPS  -115.565 -115.575 -0.000 
G21 2022  62          24816 GPS  -115.567 -115.575 -0.000 
G21 2022  62          24817 GPS  -115.569 -115.575 -0.000 
G21 2022  62          24818 GPS  -115.567 -115.575 -0.000 
G21 2022  62          24819 GPS  -115.554 -115.575 -0.000 
G21 2022  62          24820 GPS  -115.546 -115.575 -0.000 
G21 2022  62          24821 GPS  -115.528 -115.575 -0.000 
G21 2022  62          24822 GPS  -115.519 -115.574 -0.000 
G21 2022  62          24823 GPS  -115.525 -115.574 -0.000 
G21 2022  62          24824 GPS  -115.525 -115.574 -0.000 
G21 2022  62          24825 GPS  -115.529 -115.574 -0.000 
G21 2022  62          24826 GPS  -115.522 -115.574 -0.000 
G21 2022  62          24827 GPS  -115.534 -115.574 -0.000 
G21 2022  62          24828 GPS  -115.539 -115.574 -0.000 
G21 2022  62          24829 GPS  -115.539 -115.573 -0.000 
G21 2022  62          24830 GPS  -115.535 -115.573 -0.000 
G21 2022  62          24831 GPS  -115.541 -115.573 -0.000 
G21 2022  62          24832 GPS  -115.540 -115.573 -0.000 
G21 2022  62          24833 GPS  -115.551 -115.573 -0.000 
G21 2022  62          24834 GPS  -115.559 -115.573 -0.000 
G21 2022  62          24835 GPS  -115.553 -115.573 -0.000 
G21 2022  62          24836 GPS  -115.565 -115.573 -0.000 
G21 2022  62          24837 GPS  -115.553 -115.573 -0.000 
G21 2022  62          24838 GPS  -115.554 -115.573 -0.000 
G21 2022  62          24839 GPS  -115.557 -115.573 -0.000 
G21 2022  62          24840 GPS  -115.567 -115.573 -0.000 
G21 2022  62          24841 GPS  -115.553 -115.573 -0.000 
G21 2022  62          24842 GPS  -115.558 -115.573 -0.000 
G21 2022  62          24843 GPS  -115.559 -115.573 -0.000 
G21 2022  62          24844 GPS  -115.540 -115.572 -0.000 
G21 2022  62          24845 GPS  -115.529 -115.572 -0.000 
G21 2022  62          24846 GPS  -115.521 -115.572 -0.000 
G21 2022  62          24847 GPS  -115.526 -115.572 -0.000 
G21 2022  62          24848 GPS  -115.529 -115.572 -0.000 
G21 2022  62          24849 GPS  -115.523 -115.572 -0.000 
G21 2022  62          24850 GPS  -115.510 -115.572 -0.000 
G21 2022  62          24851 GPS  -115.511 -115.571 -0.000 
G21 2022  62          24852 GPS  -115.509 -115.571 -0.000 
G21 2022  62          24853 GPS  -115.512 -115.571 -0.000 
G21 2022  62          24854 GPS  -115.513 -115.571 -0.000 
G21 2022  62          24855 GPS  -115.514 -115.571 -0.000 
G21 2022  62          24856 GPS  -115.504 -115.570 -0.000 
G21 2022  62          24857 GPS  -115.508 -115.570 -0.000 
G21 2022  62          24858 GPS  -115.509 -115.570 -0.000 
G21 2022  62          24859 GPS  -115.515 -115.570 -0.000 
G21 2022  62          24860 GPS  -115.513 -115.570 -0.000 
G21 2022  62          24861 GPS  -115.512 -115.570 -0.000 
G21 2022  62          24862 GPS  -115.511 -115.569 -0.000 
G21 2022  62          24863 GPS  -115.516 -115.569 -0.000 
G21 2022  62          24864 GPS  -115.527 -115.569 -0.000 
G21 2022  62          24865 GPS  -115.535 -115.569 -0.000 
G21 2022  62          24866 GPS  -115.531 -115.569 -0.000 
G21 2022  62          24867 GPS  -115.537 -115.569 -0.000 
G21 2022  62          24868 GPS  -115.543 -115.569 -0.000 
G21 2022  62          24869 GPS  -115.540 -115.569 -0.000 
G21 2022  62          24870 GPS  -115.534 -115.569 -0.000 
G21 2022  62          24871 GPS  -115.533 -115.569 -0.000 
G21 2022  62          24872 GPS  -115.536 -115.568 -0.000 
G21 2022  62          24873 GPS  -115.528 -115.568 -0.000 
G21 2022  62          24874 GPS  -115.532 -115.568 -0.000 
G21 2022  62          24875 GPS  -115.530 -115.568 -0.000 
G21 2022  62          24876 GPS  -115.529 -115.568 -0.000 
G21 2022  62          24877 GPS  -115.537 -115.568 -0.000 
G21 2022  62          24878 GPS  -115.544 -115.568 -0.000 
G21 2022  62          24879 GPS  -115.544 -115.568 -0.000 
G21 2022  62          24880 GPS  -115.546 -115.568 -0.000 
G21 2022  62          24881 GPS  -115.534 -115.568 -0.000 
G21 2022  62          24882 GPS  -115.515 -115.567 -0.000 
G21 2022  62          24883 GPS  -115.507 -115.567 -0.000 
G21 2022  62          24884 GPS  -115.506 -115.567 -0.000 
G21 2022  62          24885 GPS  -115.498 -115.567 -0.000 
G21 2022  62          24886 GPS  -115.501 -115.567 -0.000 
G21 2022  62          24887 GPS  -115.490 -115.567 -0.000 
G21 2022  62          24888 GPS  -115.490 -115.566 -0.000 
G21 2022  62          24889 GPS  -115.489 -115.566 -0.000 
G21 2022  62          24890 GPS  -115.496 -115.566 -0.000 
G21 2022  62          24891 GPS  -115.492 -115.566 -0.000 
G21 2022  62          24892 GPS  -115.484 -115.566 -0.000 
G21 2022  62          24893 GPS  -115.484 -115.565 -0.000 
G21 2022  62          24894 GPS  -115.486 -115.565 -0.000 
G21 2022  62          24895 GPS  -115.478 -115.565 -0.000 
G21 2022  62          24896 GPS  -115.486 -115.565 -0.000 
G21 2022  62          24897 GPS  -115.478 -115.564 -0.000 
G21 2022  62          24898 GPS  -115.476 -115.564 -0.000 
G21 2022  62          24899 GPS  -115.473 -115.564 -0.000 
G21 2022  62          24900 GPS  -115.478 -115.564 -0.000 
G21 2022  62          24901 GPS  -115.488 -115.564 -0.000 
G21 2022  62          24902 GPS  -115.491 -115.563 -0.000 
G21 2022  62          24903 GPS  -115.492 -115.563 -0.000 
G21 2022  62          24904 GPS  -115.496 -115.563 -0.000 
G21 2022  62          24905 GPS  -115.487 -115.563 -0.000 
G21 2022  62          24906 GPS  -115.497 -115.563 -0.000 
G21 2022  62          24907 GPS  -115.497 -115.563 -0.000 
G21 2022  62          24908 GPS  -115.493 -115.562 -0.000 
G21 2022  62          24909 GPS  -115.483 -115.562 -0.000 
G21 2022  62          24910 GPS  -115.490 -115.562 -0.000 
G21 2022  62          24911 GPS  -115.495 -115.562 -0.000 
G21 2022  62          24912 GPS  -115.502 -115.562 -0.000 
G21 2022  62          24913 GPS  -115.510 -115.561 -0.000 
G21 2022  62          24914 GPS  -115.513 -115.561 -0.000 
G21 2022  62          24915 GPS  -115.503 -115.561 -0.000 
G21 2022  62          24916 GPS  -115.510 -115.561 -0.000 
G21 2022  62          24917 GPS  -115.521 -115.561 -0.000 
G21 2022  62          24918 GPS  -115.520 -115.561 -0.000 
G21 2022  62          24919 GPS  -115.514 -115.561 -0.000 
G21 2022  62          24920 GPS  -115.502 -115.561 -0.000 
G21 2022  62          24921 GPS  -115.505 -115.560 -0.000 
G21 2022  62          24922 GPS  -115.497 -115.560 -0.000 
G21 2022  62          24923 GPS  -115.496 -115.560 -0.000 
G21 2022  62          24924 GPS  -115.494 -115.560 -0.000 
G21 2022  62          24925 GPS  -115.481 -115.560 -0.000 
G21 2022  62          24926 GPS  -115.474 -115.560 -0.000 
G21 2022  62          24927 GPS  -115.486 -115.559 -0.000 
G21 2022  62          24928 GPS  -115.485 -115.559 -0.000 
G21 2022  62          24929 GPS  -115.482 -115.559 -0.000 
G21 2022  62          24930 GPS  -115.471 -115.559 -0.000 
G21 2022  62          24931 GPS  -115.475 -115.559 -0.000 
G21 2022  62          24932 GPS  -115.478 -115.558 -0.000 
G21 2022  62          24933 GPS  -115.471 -115.558 -0.000 
G21 2022  62          24934 GPS  -115.474 -115.558 -0.000 
G21 2022  62          24935 GPS  -115.475 -115.558 -0.000 
G21 2022  62          24936 GPS  -115.472 -115.558 -0.000 
G21 2022  62          24937 GPS  -115.482 -115.557 -0.000 
G21 2022  62          24938 GPS  -115.489 -115.557 -0.000 
G21 2022  62          24939 GPS  -115.494 -115.557 -0.000 
G21 2022  62          24940 GPS  -115.490 -115.557 -0.000 
G21 2022  62          24941 GPS  -115.496 -115.557 -0.000 
G21 2022  62          24942 GPS  -115.485 -115.557 -0.000 
G21 2022  62          24943 GPS  -115.490 -115.557 -0.000 
G21 2022  62          24944 GPS  -115.484 -115.556 -0.000 
G21 2022  62          24945 GPS  -115.485 -115.556 -0.000 
G21 2022  62          24946 GPS  -115.496 -115.556 -0.000 
G21 2022  62          24947 GPS  -115.499 -115.556 -0.000 
G21 2022  62          24948 GPS  -115.492 -115.556 -0.000 
G21 2022  62          24949 GPS  -115.484 -115.556 -0.000 
G21 2022  62          24950 GPS  -115.479 -115.555 -0.000 
G21 2022  62          24951 GPS  -115.476 -115.555 -0.000 
G21 2022  62          24952 GPS  -115.475 -115.555 -0.000 
G21 2022  62          24953 GPS  -115.485 -115.555 -0.000 
G21 2022  62          24954 GPS  -115.482 -115.555 -0.000 
G21 2022  62          24955 GPS  -115.482 -115.555 -0.000 
G21 2022  62          24956 GPS  -115.489 -115.554 -0.000 
G21 2022  62          24957 GPS  -115.484 -115.554 -0.000 
G21 2022  62          24958 GPS  -115.494 -115.554 -0.000 
G21 2022  62          24959 GPS  -115.492 -115.554 -0.000 
G21 2022  62          24960 GPS  -115.479 -115.554 -0.000 
G21 2022  62          24961 GPS  -115.470 -115.554 -0.000 
G21 2022  62          24962 GPS  -115.472 -115.553 -0.000 
G21 2022  62          24963 GPS  -115.477 -115.553 -0.000 
G21 2022  62          24964 GPS  -115.479 -115.553 -0.000 
G21 2022  62          24965 GPS  -115.478 -115.553 -0.000 
G21 2022  62          24966 GPS  -115.478 -115.553 -0.000 
G21 2022  62          24967 GPS  -115.475 -115.553 -0.000 
G21 2022  62          24968 GPS  -115.482 -115.552 -0.000 
G21 2022  62          24969 GPS  -115.496 -115.552 -0.000 
G21 2022  62          24970 GPS  -115.498 -115.552 -0.000 
G21 2022  62          24971 GPS  -115.494 -115.552 -0.000 
G21 2022  62          24972 GPS  -115.487 -115.552 -0.000 
G21 2022  62          24973 GPS  -115.489 -115.552 -0.000 
G21 2022  62          24974 GPS  -115.500 -115.552 -0.000 
G21 2022  62          24975 GPS  -115.500 -115.552 -0.000 
G21 2022  62          24976 GPS  -115.509 -115.551 -0.000 
G21 2022  62          24977 GPS  -115.516 -115.551 -0.000 
G21 2022  62          24978 GPS  -115.516 -115.551 -0.000 
G21 2022  62          24979 GPS  -115.514 -115.551 -0.000 
G21 2022  62          24980 GPS  -115.530 -115.551 -0.000 
G21 2022  62          24981 GPS  -115.528 -115.551 -0.000 
G21 2022  62          24982 GPS  -115.524 -115.551 -0.000 
G21 2022  62          24983 GPS  -115.510 -115.551 -0.000 
G21 2022  62          24984 GPS  -115.517 -115.551 -0.000 
G21 2022  62          24985 GPS  -115.508 -115.551 -0.000 
G21 2022  62          24986 GPS  -115.513 -115.551 -0.000 
G21 2022  62          24987 GPS  -115.524 -115.551 -0.000 
G21 2022  62          24988 GPS  -115.518 -115.551 -0.000 
G21 2022  62          24989 GPS  -115.509 -115.551 -0.000 
G21 2022  62          24990 GPS  -115.506 -115.550 -0.000 
G21 2022  62          24991 GPS  -115.510 -115.550 -0.000 
G21 2022  62          24992 GPS  -115.494 -115.550 -0.000 
G21 2022  62          24993 GPS  -115.498 -115.550 -0.000 
G21 2022  62          24994 GPS  -115.502 -115.550 -0.000 
G21 2022  62          24995 GPS  -115.508 -115.550 -0.000 
G21 2022  62          24996 GPS  -115.513 -115.550 -0.000 
G21 2022  62          24997 GPS  -115.517 -115.550 -0.000 
G21 2022  62          24998 GPS  -115.528 -115.550 -0.000 
G21 2022  62          24999 GPS  -115.522 -115.550 -0.000 
G21 2022  62          25000 GPS  -115.509 -115.550 -0.000 
G21 2022  62          25001 GPS  -115.508 -115.550 -0.000 
G21 2022  62          25002 GPS  -115.521 -115.549 -0.000 
G21 2022  62          25003 GPS  -115.527 -115.549 -0.000 
G21 2022  62          25004 GPS  -115.522 -115.549 -0.000 
G21 2022  62          25005 GPS  -115.517 -115.549 -0.000 
G21 2022  62          25006 GPS  -115.517 -115.549 -0.000 
G21 2022  62          25007 GPS  -115.515 -115.549 -0.000 
G21 2022  62          25008 GPS  -115.511 -115.549 -0.000 
G21 2022  62          25009 GPS  -115.514 -115.549 -0.000 
G21 2022  62          25010 GPS  -115.508 -115.549 -0.000 
G21 2022  62          25011 GPS  -115.518 -115.549 -0.000 
G21 2022  62          25012 GPS  -115.517 -115.549 -0.000 
G21 2022  62          25013 GPS  -115.509 -115.549 -0.000 
G21 2022  62          25014 GPS  -115.520 -115.549 -0.000 
G21 2022  62          25015 GPS  -115.516 -115.549 -0.000 
G21 2022  62          25016 GPS  -115.517 -115.549 -0.000 
G21 2022  62          25017 GPS  -115.516 -115.548 -0.000 
G21 2022  62          25018 GPS  -115.518 -115.548 -0.000 
G21 2022  62          25019 GPS  -115.509 -115.548 -0.000 
G21 2022  62          25020 GPS  -115.522 -115.548 -0.000 
G21 2022  62          25021 GPS  -115.528 -115.548 -0.000 
G21 2022  62          25022 GPS  -115.513 -115.548 -0.000 
G21 2022  62          25023 GPS  -115.516 -115.548 -0.000 
G21 2022  62          25024 GPS  -115.527 -115.548 -0.000 
G21 2022  62          25025 GPS  -115.536 -115.548 -0.000 
G21 2022  62          25026 GPS  -115.547 -115.548 -0.000 
G21 2022  62          25027 GPS  -115.558 -115.548 -0.000 
G21 2022  62          25028 GPS  -115.569 -115.548 -0.000 
G21 2022  62          25029 GPS  -115.555 -115.548 -0.000 
G21 2022  62          25030 GPS  -115.564 -115.548 -0.000 
G21 2022  62          25031 GPS  -115.571 -115.548 -0.000 
G21 2022  62          25032 GPS  -115.562 -115.548 -0.000 
G21 2022  62          25033 GPS  -115.562 -115.548 -0.000 
G21 2022  62          25034 GPS  -115.568 -115.548 -0.000 
G21 2022  62          25035 GPS  -115.573 -115.548 -0.000 
G21 2022  62          25036 GPS  -115.577 -115.548 -0.000 
G21 2022  62          25037 GPS  -115.572 -115.548 -0.000 
G21 2022  62          25038 GPS  -115.576 -115.548 -0.000 
G21 2022  62          25039 GPS  -115.570 -115.549 -0.000 
G21 2022  62          25040 GPS  -115.558 -115.549 -0.000 
G21 2022  62          25041 GPS  -115.564 -115.549 -0.000 
G21 2022  62          25042 GPS  -115.553 -115.549 -0.000 
G21 2022  62          25043 GPS  -115.556 -115.549 -0.000 
G21 2022  62          25044 GPS  -115.543 -115.549 -0.000 
G21 2022  62          25045 GPS  -115.540 -115.549 -0.000 
G21 2022  62          25046 GPS  -115.526 -115.549 -0.000 
G21 2022  62          25047 GPS  -115.531 -115.548 -0.000 
G21 2022  62          25048 GPS  -115.522 -115.548 -0.000 
G21 2022  62          25049 GPS  -115.520 -115.548 -0.000 
G21 2022  62          25050 GPS  -115.520 -115.548 -0.000 
G21 2022  62          25051 GPS  -115.507 -115.548 -0.000 
G21 2022  62          25052 GPS  -115.501 -115.548 -0.000 
G21 2022  62          25053 GPS  -115.494 -115.548 -0.000 
G21 2022  62          25054 GPS  -115.496 -115.548 -0.000 
G21 2022  62          25055 GPS  -115.502 -115.548 -0.000 
G21 2022  62          25056 GPS  -115.506 -115.548 -0.000 
G21 2022  62          25057 GPS  -115.493 -115.548 -0.000 
G21 2022  62          25058 GPS  -115.490 -115.548 -0.000 
G21 2022  62          25059 GPS  -115.502 -115.548 -0.000 
G21 2022  62          25060 GPS  -115.509 -115.547 -0.000 
G21 2022  62          25061 GPS  -115.515 -115.547 -0.000 
G21 2022  62          25062 GPS  -115.526 -115.547 -0.000 
G21 2022  62          25063 GPS  -115.531 -115.547 -0.000 
G21 2022  62          25064 GPS  -115.548 -115.547 -0.000 
G21 2022  62          25065 GPS  -115.543 -115.547 -0.000 
G21 2022  62          25066 GPS  -115.546 -115.547 -0.000 
G21 2022  62          25067 GPS  -115.547 -115.547 -0.000 
G21 2022  62          25068 GPS  -115.537 -115.547 -0.000 
G21 2022  62          25069 GPS  -115.529 -115.547 -0.000 
G21 2022  62          25070 GPS  -115.527 -115.547 -0.000 
G21 2022  62          25071 GPS  -115.529 -115.547 -0.000 
G21 2022  62          25072 GPS  -115.529 -115.547 -0.000 
G21 2022  62          25073 GPS  -115.530 -115.547 -0.000 
G21 2022  62          25074 GPS  -115.529 -115.547 -0.000 
G21 2022  62          25075 GPS  -115.528 -115.547 -0.000 
G21 2022  62          25076 GPS  -115.519 -115.547 -0.000 
G21 2022  62          25077 GPS  -115.514 -115.547 -0.000 
G21 2022  62          25078 GPS  -115.505 -115.547 -0.000 
G21 2022  62          25079 GPS  -115.488 -115.547 -0.000 
G21 2022  62          25080 GPS  -115.493 -115.547 -0.000 
G21 2022  62          25081 GPS  -115.495 -115.547 -0.000 
G21 2022  62          25082 GPS  -115.508 -115.547 -0.000 
G21 2022  62          25083 GPS  -115.512 -115.546 -0.000 
G21 2022  62          25084 GPS  -115.502 -115.546 -0.000 
G21 2022  62          25085 GPS  -115.499 -115.546 -0.000 
G21 2022  62          25086 GPS  -115.517 -115.546 -0.000 
G21 2022  62          25087 GPS  -115.519 -115.546 -0.000 
G21 2022  62          25088 GPS  -115.530 -115.546 -0.000 
G21 2022  62          25089 GPS  -115.521 -115.546 -0.000 
G21 2022  62          25090 GPS  -115.521 -115.546 -0.000 
G21 2022  62          25091 GPS  -115.529 -115.546 -0.000 
G21 2022  62          25092 GPS  -115.525 -115.546 -0.000 
G21 2022  62          25093 GPS  -115.549 -115.546 -0.000 
G21 2022  62          25094 GPS  -115.568 -115.546 -0.000 
G21 2022  62          25095 GPS  -115.564 -115.546 -0.000 
G21 2022  62          25096 GPS  -115.571 -115.546 -0.000 
G21 2022  62          25097 GPS  -115.568 -115.546 -0.000 
G21 2022  62          25098 GPS  -115.559 -115.546 -0.000 
G21 2022  62          25099 GPS  -115.564 -115.546 -0.000 
G21 2022  62          25100 GPS  -115.557 -115.546 -0.000 
G21 2022  62          25101 GPS  -115.554 -115.546 -0.000 
G21 2022  62          25102 GPS  -115.553 -115.546 -0.000 
G21 2022  62          25103 GPS  -115.543 -115.546 -0.000 
G21 2022  62          25104 GPS  -115.556 -115.546 -0.000 
G21 2022  62          25105 GPS  -115.547 -115.546 -0.000 
G21 2022  62          25106 GPS  -115.549 -115.546 -0.000 
G21 2022  62          25107 GPS  -115.559 -115.546 -0.000 
G21 2022  62          25108 GPS  -115.553 -115.546 -0.000 
G21 2022  62          25109 GPS  -115.560 -115.546 -0.000 
G21 2022  62          25110 GPS  -115.560 -115.546 -0.000 
G21 2022  62          25111 GPS  -115.565 -115.546 -0.000 
G21 2022  62          25112 GPS  -115.570 -115.546 -0.000 
G21 2022  62          25113 GPS  -115.571 -115.546 -0.000 
G21 2022  62          25114 GPS  -115.560 -115.546 -0.000 
G21 2022  62          25115 GPS  -115.554 -115.547 -0.000 
G21 2022  62          25116 GPS  -115.554 -115.547 -0.000 
G21 2022  62          25117 GPS  -115.566 -115.547 -0.000 
G21 2022  62          25118 GPS  -115.566 -115.547 -0.000 
G21 2022  62          25119 GPS  -115.576 -115.547 -0.000 
G21 2022  62          25120 GPS  -115.572 -115.547 -0.000 
G21 2022  62          25121 GPS  -115.566 -115.547 -0.000 
G21 2022  62          25122 GPS  -115.571 -115.547 -0.000 
G21 2022  62          25123 GPS  -115.576 -115.547 -0.000 
G21 2022  62          25124 GPS  -115.567 -115.547 -0.000 
G21 2022  62          25125 GPS  -115.577 -115.547 -0.000 
G21 2022  62          25126 GPS  -115.584 -115.547 -0.000 
G21 2022  62          25127 GPS  -115.583 -115.547 -0.000 
G21 2022  62          25128 GPS  -115.584 -115.547 -0.000 
G21 2022  62          25129 GPS  -115.590 -115.547 -0.000 
G21 2022  62          25130 GPS  -115.587 -115.547 -0.000 
G21 2022  62          25131 GPS  -115.594 -115.547 -0.000 
G21 2022  62          25132 GPS  -115.598 -115.547 -0.000 
G21 2022  62          25133 GPS  -115.607 -115.547 -0.000 
G21 2022  62          25134 GPS  -115.603 -115.548 -0.000 
G21 2022  62          25135 GPS  -115.605 -115.548 -0.000 
G21 2022  62          25136 GPS  -115.615 -115.548 -0.000 
G21 2022  62          25137 GPS  -115.625 -115.548 -0.000 
G21 2022  62          25138 GPS  -115.638 -115.548 -0.000 
G21 2022  62          25139 GPS  -115.637 -115.548 -0.000 
G21 2022  62          25140 GPS  -115.643 -115.548 -0.000 
G21 2022  62          25141 GPS  -115.643 -115.548 -0.000 
G21 2022  62          25142 GPS  -115.637 -115.549 -0.000 
G21 2022  62          25143 GPS  -115.644 -115.549 -0.000 
G21 2022  62          25144 GPS  -115.647 -115.549 -0.000 
G21 2022  62          25145 GPS  -115.636 -115.549 -0.000 
G21 2022  62          25146 GPS  -115.637 -115.549 -0.000 
G21 2022  62          25147 GPS  -115.650 -115.549 -0.000 
G21 2022  62          25148 GPS  -115.635 -115.549 -0.000 
G21 2022  62          25149 GPS  -115.640 -115.550 -0.000 
G21 2022  62          25150 GPS  -115.644 -115.550 -0.000 
G21 2022  62          25151 GPS  -115.637 -115.550 -0.000 
G21 2022  62          25152 GPS  -115.631 -115.550 -0.000 
G21 2022  62          25153 GPS  -115.643 -115.550 -0.000 
G21 2022  62          25154 GPS  -115.632 -115.550 -0.000 
G21 2022  62          25155 GPS  -115.636 -115.550 -0.000 
G21 2022  62          25156 GPS  -115.642 -115.551 -0.000 
G21 2022  62          25157 GPS  -115.630 -115.551 -0.000 
G21 2022  62          25158 GPS  -115.630 -115.551 -0.000 
G21 2022  62          25159 GPS  -115.619 -115.551 -0.000 
G21 2022  62          25160 GPS  -115.624 -115.551 -0.000 
G21 2022  62          25161 GPS  -115.626 -115.551 -0.000 
G21 2022  62          25162 GPS  -115.613 -115.551 -0.000 
G21 2022  62          25163 GPS  -115.606 -115.551 -0.000 
G21 2022  62          25164 GPS  -115.612 -115.551 -0.000 
G21 2022  62          25165 GPS  -115.608 -115.552 -0.000 
G21 2022  62          25166 GPS  -115.609 -115.552 -0.000 
G21 2022  62          25167 GPS  -115.613 -115.552 -0.000 
G21 2022  62          25168 GPS  -115.630 -115.552 -0.000 
G21 2022  62          25169 GPS  -115.628 -115.552 -0.000 
G21 2022  62          25170 GPS  -115.633 -115.552 -0.000 
G21 2022  62          25171 GPS  -115.638 -115.552 -0.000 
G21 2022  62          25172 GPS  -115.644 -115.552 -0.000 
G21 2022  62          25173 GPS  -115.648 -115.552 -0.000 
G21 2022  62          25174 GPS  -115.645 -115.553 -0.000 
G21 2022  62          25175 GPS  -115.653 -115.553 -0.000 
G21 2022  62          25176 GPS  -115.649 -115.553 -0.000 
G21 2022  62          25177 GPS  -115.650 -115.553 -0.000 
G21 2022  62          25178 GPS  -115.649 -115.553 -0.000 
G21 2022  62          25179 GPS  -115.654 -115.553 -0.000 
G21 2022  62          25180 GPS  -115.640 -115.554 -0.000 
G21 2022  62          25181 GPS  -115.640 -115.554 -0.000 
G21 2022  62          25182 GPS  -115.648 -115.554 -0.000 
G21 2022  62          25183 GPS  -115.638 -115.554 -0.000 
G21 2022  62          25184 GPS  -115.631 -115.554 -0.000 
G21 2022  62          25185 GPS  -115.632 -115.554 -0.000 
G21 2022  62          25186 GPS  -115.625 -115.554 -0.000 
G21 2022  62          25187 GPS  -115.628 -115.554 -0.000 
G21 2022  62          25188 GPS  -115.636 -115.554 -0.000 
G21 2022  62          25189 GPS  -115.634 -115.555 -0.000 
G21 2022  62          25190 GPS  -115.632 -115.555 -0.000 
G21 2022  62          25191 GPS  -115.635 -115.555 -0.000 
G21 2022  62          25192 GPS  -115.629 -115.555 -0.000 
G21 2022  62          25193 GPS  -115.636 -115.555 -0.000 
G21 2022  62          25194 GPS  -115.621 -115.555 -0.000 
G21 2022  62          25195 GPS  -115.619 -115.555 -0.000 
G21 2022  62          25196 GPS  -115.618 -115.555 -0.000 
G21 2022  62          25197 GPS  -115.617 -115.555 -0.000 
G21 2022  62          25198 GPS  -115.608 -115.556 -0.000 
G21 2022  62          25199 GPS  -115.592 -115.556 -0.000 
G21 2022  62          25200 GPS  -115.582 -115.556 -0.000 
