G27 2022  62          24517 GPS  -16.616 -16.616 -16.616 
G27 2022  62          24518 GPS  -16.585 -16.600 -0.000 
G27 2022  62          24519 GPS  -16.577 -16.593 -0.000 
G27 2022  62          24520 GPS  -16.584 -16.591 -0.000 
G27 2022  62          24521 GPS  -16.589 -16.590 -0.000 
G27 2022  62          24522 GPS  -16.607 -16.593 -0.000 
G27 2022  62          24523 GPS  -16.592 -16.593 -0.000 
G27 2022  62          24524 GPS  -16.603 -16.594 -0.000 
G27 2022  62          24525 GPS  -16.614 -16.596 -0.000 
G27 2022  62          24526 GPS  -16.616 -16.598 -0.000 
G27 2022  62          24527 GPS  -16.590 -16.598 -0.000 
G27 2022  62          24528 GPS  -16.538 -16.593 -0.000 
G27 2022  62          24529 GPS  -16.537 -16.588 -0.000 
G27 2022  62          24530 GPS  -16.527 -16.584 -0.000 
G27 2022  62          24531 GPS  -16.530 -16.580 -0.000 
G27 2022  62          24532 GPS  -16.523 -16.577 -0.000 
G27 2022  62          24533 GPS  -16.533 -16.574 -0.000 
G27 2022  62          24534 GPS  -16.533 -16.572 -0.000 
G27 2022  62          24535 GPS  -16.519 -16.569 -0.000 
G27 2022  62          24536 GPS  -16.517 -16.566 -0.000 
G27 2022  62          24537 GPS  -16.534 -16.565 -0.000 
G27 2022  62          24538 GPS  -16.542 -16.564 -0.000 
G27 2022  62          24539 GPS  -16.545 -16.563 -0.000 
G27 2022  62          24540 GPS  -16.560 -16.563 -0.000 
G27 2022  62          24541 GPS  -16.549 -16.562 -0.000 
G27 2022  62          24542 GPS  -16.554 -16.562 -0.000 
G27 2022  62          24543 GPS  -16.559 -16.562 -0.000 
G27 2022  62          24544 GPS  -16.554 -16.562 -0.000 
G27 2022  62          24545 GPS  -16.554 -16.561 -0.000 
G27 2022  62          24546 GPS  -16.596 -16.563 -0.000 
G27 2022  62          24547 GPS  -16.618 -16.564 -0.000 
G27 2022  62          24548 GPS  -16.638 -16.567 -0.000 
G27 2022  62          24549 GPS  -16.656 -16.569 -0.000 
G27 2022  62          24550 GPS  -16.656 -16.572 -0.000 
G27 2022  62          24551 GPS  -16.666 -16.575 -0.000 
G27 2022  62          24552 GPS  -16.672 -16.577 -0.000 
G27 2022  62          24553 GPS  -16.670 -16.580 -0.000 
G27 2022  62          24554 GPS  -16.677 -16.582 -0.000 
G27 2022  62          24555 GPS  -16.690 -16.585 -0.000 
G27 2022  62          24556 GPS  -16.699 -16.588 -0.000 
G27 2022  62          24557 GPS  -16.699 -16.591 -0.000 
G27 2022  62          24558 GPS  -16.691 -16.593 -0.000 
G27 2022  62          24559 GPS  -16.689 -16.595 -0.000 
G27 2022  62          24560 GPS  -16.687 -16.597 -0.000 
G27 2022  62          24561 GPS  -16.678 -16.599 -0.000 
G27 2022  62          24562 GPS  -16.677 -16.601 -0.000 
G27 2022  62          24563 GPS  -16.684 -16.603 -0.000 
G27 2022  62          24564 GPS  -16.691 -16.605 -0.000 
G27 2022  62          24565 GPS  -16.710 -16.607 -0.000 
G27 2022  62          24566 GPS  -16.700 -16.609 -0.000 
G27 2022  62          24567 GPS  -16.702 -16.610 -0.000 
G27 2022  62          24568 GPS  -16.717 -16.612 -0.000 
G27 2022  62          24569 GPS  -16.731 -16.615 -0.000 
G27 2022  62          24570 GPS  -16.715 -16.617 -0.000 
G27 2022  62          24571 GPS  -16.689 -16.618 -0.000 
G27 2022  62          24572 GPS  -16.687 -16.619 -0.000 
G27 2022  62          24573 GPS  -16.694 -16.620 -0.000 
G27 2022  62          24574 GPS  -16.692 -16.622 -0.000 
G27 2022  62          24575 GPS  -16.688 -16.623 -0.000 
G27 2022  62          24576 GPS  -16.694 -16.624 -0.000 
G27 2022  62          24577 GPS  -16.718 -16.625 -0.000 
G27 2022  62          24578 GPS  -16.723 -16.627 -0.000 
G27 2022  62          24579 GPS  -16.734 -16.629 -0.000 
G27 2022  62          24580 GPS  -16.732 -16.630 -0.000 
G27 2022  62          24581 GPS  -16.710 -16.632 -0.000 
G27 2022  62          24582 GPS  -16.707 -16.633 -0.000 
G27 2022  62          24583 GPS  -16.694 -16.634 -0.000 
G27 2022  62          24584 GPS  -16.675 -16.634 -0.000 
G27 2022  62          24585 GPS  -16.677 -16.635 -0.000 
G27 2022  62          24586 GPS  -16.675 -16.635 -0.000 
G27 2022  62          24587 GPS  -16.677 -16.636 -0.000 
G27 2022  62          24588 GPS  -16.690 -16.637 -0.000 
G27 2022  62          24589 GPS  -16.707 -16.638 -0.000 
G27 2022  62          24590 GPS  -16.707 -16.639 -0.000 
G27 2022  62          24591 GPS  -16.713 -16.640 -0.000 
G27 2022  62          24592 GPS  -16.733 -16.641 -0.000 
G27 2022  62          24593 GPS  -16.735 -16.642 -0.000 
G27 2022  62          24594 GPS  -16.721 -16.643 -0.000 
G27 2022  62          24595 GPS  -16.697 -16.644 -0.000 
G27 2022  62          24596 GPS  -16.695 -16.644 -0.000 
G27 2022  62          24597 GPS  -16.721 -16.645 -0.000 
G27 2022  62          24598 GPS  -16.728 -16.646 -0.000 
G27 2022  62          24599 GPS  -16.752 -16.648 -0.000 
G27 2022  62          24600 GPS  -16.746 -16.649 -0.000 
G27 2022  62          24601 GPS  -16.748 -16.650 -0.000 
G27 2022  62          24602 GPS  -16.742 -16.651 -0.000 
G27 2022  62          24603 GPS  -16.729 -16.652 -0.000 
G27 2022  62          24604 GPS  -16.732 -16.653 -0.000 
G27 2022  62          24605 GPS  -16.718 -16.654 -0.000 
G27 2022  62          24606 GPS  -16.726 -16.654 -0.000 
G27 2022  62          24607 GPS  -16.739 -16.655 -0.000 
G27 2022  62          24608 GPS  -16.748 -16.656 -0.000 
G27 2022  62          24609 GPS  -16.766 -16.657 -0.000 
G27 2022  62          24610 GPS  -16.771 -16.659 -0.000 
G27 2022  62          24611 GPS  -16.782 -16.660 -0.000 
G27 2022  62          24612 GPS  -16.783 -16.661 -0.000 
G27 2022  62          24613 GPS  -16.799 -16.663 -0.000 
G27 2022  62          24614 GPS  -16.768 -16.664 -0.000 
G27 2022  62          24615 GPS  -16.759 -16.665 -0.000 
G27 2022  62          24616 GPS  -16.771 -16.666 -0.000 
G27 2022  62          24617 GPS  -16.773 -16.667 -0.000 
G27 2022  62          24618 GPS  -16.778 -16.668 -0.000 
G27 2022  62          24619 GPS  -16.767 -16.669 -0.000 
G27 2022  62          24620 GPS  -16.776 -16.670 -0.000 
G27 2022  62          24621 GPS  -16.759 -16.671 -0.000 
G27 2022  62          24622 GPS  -16.740 -16.671 -0.000 
G27 2022  62          24623 GPS  -16.751 -16.672 -0.000 
G27 2022  62          24624 GPS  -16.753 -16.673 -0.000 
G27 2022  62          24625 GPS  -16.755 -16.674 -0.000 
G27 2022  62          24626 GPS  -16.727 -16.674 -0.000 
G27 2022  62          24627 GPS  -16.724 -16.675 -0.000 
G27 2022  62          24628 GPS  -16.749 -16.675 -0.000 
G27 2022  62          24629 GPS  -16.760 -16.676 -0.000 
G27 2022  62          24630 GPS  -16.762 -16.677 -0.000 
G27 2022  62          24631 GPS  -16.734 -16.677 -0.000 
G27 2022  62          24632 GPS  -16.754 -16.678 -0.000 
G27 2022  62          24633 GPS  -16.753 -16.679 -0.000 
G27 2022  62          24634 GPS  -16.756 -16.679 -0.000 
G27 2022  62          24635 GPS  -16.740 -16.680 -0.000 
G27 2022  62          24636 GPS  -16.749 -16.680 -0.000 
G27 2022  62          24637 GPS  -16.790 -16.681 -0.000 
G27 2022  62          24638 GPS  -16.775 -16.682 -0.000 
G27 2022  62          24639 GPS  -16.782 -16.683 -0.000 
G27 2022  62          24640 GPS  -16.776 -16.684 -0.000 
G27 2022  62          24641 GPS  -16.770 -16.684 -0.000 
G27 2022  62          24642 GPS  -16.800 -16.685 -0.000 
G27 2022  62          24643 GPS  -16.800 -16.686 -0.000 
G27 2022  62          24644 GPS  -16.797 -16.687 -0.000 
G27 2022  62          24645 GPS  -16.811 -16.688 -0.000 
G27 2022  62          24646 GPS  -16.824 -16.689 -0.000 
G27 2022  62          24647 GPS  -16.801 -16.690 -0.000 
G27 2022  62          24648 GPS  -16.789 -16.691 -0.000 
G27 2022  62          24649 GPS  -16.818 -16.692 -0.000 
G27 2022  62          24650 GPS  -16.810 -16.692 -0.000 
G27 2022  62          24651 GPS  -16.806 -16.693 -0.000 
G27 2022  62          24652 GPS  -16.789 -16.694 -0.000 
G27 2022  62          24653 GPS  -16.770 -16.695 -0.000 
G27 2022  62          24654 GPS  -16.783 -16.695 -0.000 
G27 2022  62          24655 GPS  -16.817 -16.696 -0.000 
G27 2022  62          24656 GPS  -16.815 -16.697 -0.000 
G27 2022  62          24657 GPS  -16.826 -16.698 -0.000 
G27 2022  62          24658 GPS  -16.819 -16.699 -0.000 
G27 2022  62          24659 GPS  -16.813 -16.699 -0.000 
G27 2022  62          24660 GPS  -16.835 -16.700 -0.000 
G27 2022  62          24661 GPS  -16.805 -16.701 -0.000 
G27 2022  62          24662 GPS  -16.810 -16.702 -0.000 
G27 2022  62          24663 GPS  -16.818 -16.703 -0.000 
G27 2022  62          24664 GPS  -16.838 -16.704 -0.000 
G27 2022  62          24665 GPS  -16.840 -16.704 -0.000 
G27 2022  62          24666 GPS  -16.856 -16.705 -0.000 
G27 2022  62          24667 GPS  -16.862 -16.707 -0.000 
G27 2022  62          24668 GPS  -16.851 -16.707 -0.000 
G27 2022  62          24669 GPS  -16.875 -16.709 -0.000 
G27 2022  62          24670 GPS  -16.869 -16.710 -0.000 
G27 2022  62          24671 GPS  -16.865 -16.711 -0.000 
G27 2022  62          24672 GPS  -16.852 -16.712 -0.000 
G27 2022  62          24673 GPS  -16.860 -16.712 -0.000 
G27 2022  62          24674 GPS  -16.855 -16.713 -0.000 
G27 2022  62          24675 GPS  -16.829 -16.714 -0.000 
G27 2022  62          24676 GPS  -16.831 -16.715 -0.000 
G27 2022  62          24677 GPS  -16.830 -16.716 -0.000 
G27 2022  62          24678 GPS  -16.818 -16.716 -0.000 
G27 2022  62          24679 GPS  -16.811 -16.717 -0.000 
G27 2022  62          24680 GPS  -16.794 -16.717 -0.000 
G27 2022  62          24681 GPS  -16.807 -16.718 -0.000 
G27 2022  62          24682 GPS  -16.812 -16.718 -0.000 
G27 2022  62          24683 GPS  -16.792 -16.719 -0.000 
G27 2022  62          24684 GPS  -16.790 -16.719 -0.000 
G27 2022  62          24685 GPS  -16.788 -16.720 -0.000 
G27 2022  62          24686 GPS  -16.790 -16.720 -0.000 
G27 2022  62          24687 GPS  -16.789 -16.720 -0.000 
G27 2022  62          24688 GPS  -16.800 -16.721 -0.000 
G27 2022  62          24689 GPS  -16.806 -16.721 -0.000 
G27 2022  62          24690 GPS  -16.804 -16.722 -0.000 
G27 2022  62          24691 GPS  -16.780 -16.722 -0.000 
G27 2022  62          24692 GPS  -16.774 -16.722 -0.000 
G27 2022  62          24693 GPS  -16.770 -16.723 -0.000 
G27 2022  62          24694 GPS  -16.773 -16.723 -0.000 
G27 2022  62          24695 GPS  -16.761 -16.723 -0.000 
G27 2022  62          24696 GPS  -16.748 -16.723 -0.000 
G27 2022  62          24697 GPS  -16.747 -16.724 -0.000 
G27 2022  62          24698 GPS  -16.732 -16.724 -0.000 
G27 2022  62          24699 GPS  -16.737 -16.724 -0.000 
G27 2022  62          24700 GPS  -16.708 -16.724 -0.000 
G27 2022  62          24701 GPS  -16.713 -16.723 -0.000 
G27 2022  62          24702 GPS  -16.707 -16.723 -0.000 
G27 2022  62          24703 GPS  -16.699 -16.723 -0.000 
G27 2022  62          24704 GPS  -16.715 -16.723 -0.000 
G27 2022  62          24705 GPS  -16.717 -16.723 -0.000 
G27 2022  62          24706 GPS  -16.730 -16.723 -0.000 
G27 2022  62          24707 GPS  -16.707 -16.723 -0.000 
G27 2022  62          24708 GPS  -16.723 -16.723 -0.000 
G27 2022  62          24709 GPS  -16.710 -16.723 -0.000 
G27 2022  62          24710 GPS  -16.675 -16.723 -0.000 
G27 2022  62          24711 GPS  -16.656 -16.723 -0.000 
G27 2022  62          24712 GPS  -16.666 -16.722 -0.000 
G27 2022  62          24713 GPS  -16.688 -16.722 -0.000 
G27 2022  62          24714 GPS  -16.690 -16.722 -0.000 
G27 2022  62          24715 GPS  -16.691 -16.722 -0.000 
G27 2022  62          24716 GPS  -16.716 -16.722 -0.000 
G27 2022  62          24717 GPS  -16.718 -16.722 -0.000 
G27 2022  62          24718 GPS  -16.725 -16.722 -0.000 
G27 2022  62          24719 GPS  -16.748 -16.722 -0.000 
G27 2022  62          24720 GPS  -16.755 -16.722 -0.000 
G27 2022  62          24721 GPS  -16.741 -16.722 -0.000 
G27 2022  62          24722 GPS  -16.745 -16.722 -0.000 
G27 2022  62          24723 GPS  -16.733 -16.722 -0.000 
G27 2022  62          24724 GPS  -16.735 -16.722 -0.000 
G27 2022  62          24725 GPS  -16.752 -16.722 -0.000 
G27 2022  62          24726 GPS  -16.759 -16.723 -0.000 
G27 2022  62          24727 GPS  -16.752 -16.723 -0.000 
G27 2022  62          24728 GPS  -16.762 -16.723 -0.000 
G27 2022  62          24729 GPS  -16.770 -16.723 -0.000 
G27 2022  62          24730 GPS  -16.776 -16.723 -0.000 
G27 2022  62          24731 GPS  -16.762 -16.724 -0.000 
G27 2022  62          24732 GPS  -16.765 -16.724 -0.000 
G27 2022  62          24733 GPS  -16.764 -16.724 -0.000 
G27 2022  62          24734 GPS  -16.759 -16.724 -0.000 
G27 2022  62          24735 GPS  -16.773 -16.724 -0.000 
G27 2022  62          24736 GPS  -16.752 -16.724 -0.000 
G27 2022  62          24737 GPS  -16.757 -16.725 -0.000 
G27 2022  62          24738 GPS  -16.734 -16.725 -0.000 
G27 2022  62          24739 GPS  -16.759 -16.725 -0.000 
G27 2022  62          24740 GPS  -16.765 -16.725 -0.000 
G27 2022  62          24741 GPS  -16.772 -16.725 -0.000 
G27 2022  62          24742 GPS  -16.770 -16.725 -0.000 
G27 2022  62          24743 GPS  -16.747 -16.725 -0.000 
G27 2022  62          24744 GPS  -16.760 -16.726 -0.000 
G27 2022  62          24745 GPS  -16.746 -16.726 -0.000 
G27 2022  62          24746 GPS  -16.745 -16.726 -0.000 
G27 2022  62          24747 GPS  -16.756 -16.726 -0.000 
G27 2022  62          24748 GPS  -16.741 -16.726 -0.000 
G27 2022  62          24749 GPS  -16.744 -16.726 -0.000 
G27 2022  62          24750 GPS  -16.737 -16.726 -0.000 
G27 2022  62          24751 GPS  -16.729 -16.726 -0.000 
G27 2022  62          24752 GPS  -16.733 -16.726 -0.000 
G27 2022  62          24753 GPS  -16.742 -16.726 -0.000 
G27 2022  62          24754 GPS  -16.725 -16.726 -0.000 
G27 2022  62          24755 GPS  -16.719 -16.726 -0.000 
G27 2022  62          24756 GPS  -16.726 -16.726 -0.000 
G27 2022  62          24757 GPS  -16.746 -16.726 -0.000 
G27 2022  62          24758 GPS  -16.760 -16.726 -0.000 
G27 2022  62          24759 GPS  -16.758 -16.727 -0.000 
G27 2022  62          24760 GPS  -16.758 -16.727 -0.000 
G27 2022  62          24761 GPS  -16.744 -16.727 -0.000 
G27 2022  62          24762 GPS  -16.741 -16.727 -0.000 
G27 2022  62          24763 GPS  -16.750 -16.727 -0.000 
G27 2022  62          24764 GPS  -16.756 -16.727 -0.000 
G27 2022  62          24765 GPS  -16.763 -16.727 -0.000 
G27 2022  62          24766 GPS  -16.773 -16.727 -0.000 
G27 2022  62          24767 GPS  -16.796 -16.728 -0.000 
G27 2022  62          24768 GPS  -16.793 -16.728 -0.000 
G27 2022  62          24769 GPS  -16.788 -16.728 -0.000 
G27 2022  62          24770 GPS  -16.768 -16.728 -0.000 
G27 2022  62          24771 GPS  -16.794 -16.729 -0.000 
G27 2022  62          24772 GPS  -16.805 -16.729 -0.000 
G27 2022  62          24773 GPS  -16.793 -16.729 -0.000 
G27 2022  62          24774 GPS  -16.801 -16.729 -0.000 
G27 2022  62          24775 GPS  -16.816 -16.730 -0.000 
G27 2022  62          24776 GPS  -16.835 -16.730 -0.000 
G27 2022  62          24777 GPS  -16.820 -16.730 -0.000 
G27 2022  62          24778 GPS  -16.804 -16.731 -0.000 
G27 2022  62          24779 GPS  -16.796 -16.731 -0.000 
G27 2022  62          24780 GPS  -16.772 -16.731 -0.000 
G27 2022  62          24781 GPS  -16.751 -16.731 -0.000 
G27 2022  62          24782 GPS  -16.762 -16.731 -0.000 
G27 2022  62          24783 GPS  -16.778 -16.732 -0.000 
G27 2022  62          24784 GPS  -16.802 -16.732 -0.000 
G27 2022  62          24785 GPS  -16.816 -16.732 -0.000 
G27 2022  62          24786 GPS  -16.822 -16.732 -0.000 
G27 2022  62          24787 GPS  -16.807 -16.733 -0.000 
G27 2022  62          24788 GPS  -16.825 -16.733 -0.000 
G27 2022  62          24789 GPS  -16.798 -16.733 -0.000 
G27 2022  62          24790 GPS  -16.801 -16.734 -0.000 
G27 2022  62          24791 GPS  -16.795 -16.734 -0.000 
G27 2022  62          24792 GPS  -16.777 -16.734 -0.000 
G27 2022  62          24793 GPS  -16.769 -16.734 -0.000 
G27 2022  62          24794 GPS  -16.776 -16.734 -0.000 
G27 2022  62          24795 GPS  -16.791 -16.734 -0.000 
G27 2022  62          24796 GPS  -16.802 -16.735 -0.000 
G27 2022  62          24797 GPS  -16.819 -16.735 -0.000 
G27 2022  62          24798 GPS  -16.799 -16.735 -0.000 
G27 2022  62          24799 GPS  -16.799 -16.735 -0.000 
G27 2022  62          24800 GPS  -16.783 -16.736 -0.000 
G27 2022  62          24801 GPS  -16.765 -16.736 -0.000 
G27 2022  62          24802 GPS  -16.750 -16.736 -0.000 
G27 2022  62          24803 GPS  -16.784 -16.736 -0.000 
G27 2022  62          24804 GPS  -16.789 -16.736 -0.000 
G27 2022  62          24805 GPS  -16.797 -16.736 -0.000 
G27 2022  62          24806 GPS  -16.779 -16.736 -0.000 
G27 2022  62          24807 GPS  -16.792 -16.737 -0.000 
G27 2022  62          24808 GPS  -16.822 -16.737 -0.000 
G27 2022  62          24809 GPS  -16.843 -16.737 -0.000 
G27 2022  62          24810 GPS  -16.849 -16.738 -0.000 
G27 2022  62          24811 GPS  -16.841 -16.738 -0.000 
G27 2022  62          24812 GPS  -16.842 -16.738 -0.000 
G27 2022  62          24813 GPS  -16.805 -16.739 -0.000 
G27 2022  62          24814 GPS  -16.820 -16.739 -0.000 
G27 2022  62          24815 GPS  -16.815 -16.739 -0.000 
G27 2022  62          24816 GPS  -16.851 -16.739 -0.000 
G27 2022  62          24817 GPS  -16.855 -16.740 -0.000 
G27 2022  62          24818 GPS  -16.870 -16.740 -0.000 
G27 2022  62          24819 GPS  -16.849 -16.741 -0.000 
G27 2022  62          24820 GPS  -16.851 -16.741 -0.000 
G27 2022  62          24821 GPS  -16.857 -16.741 -0.000 
G27 2022  62          24822 GPS  -16.857 -16.742 -0.000 
G27 2022  62          24823 GPS  -16.872 -16.742 -0.000 
G27 2022  62          24824 GPS  -16.873 -16.743 -0.000 
G27 2022  62          24825 GPS  -16.867 -16.743 -0.000 
G27 2022  62          24826 GPS  -16.845 -16.743 -0.000 
G27 2022  62          24827 GPS  -16.833 -16.744 -0.000 
G27 2022  62          24828 GPS  -16.836 -16.744 -0.000 
G27 2022  62          24829 GPS  -16.868 -16.744 -0.000 
G27 2022  62          24830 GPS  -16.852 -16.745 -0.000 
G27 2022  62          24831 GPS  -16.866 -16.745 -0.000 
G27 2022  62          24832 GPS  -16.870 -16.745 -0.000 
G27 2022  62          24833 GPS  -16.891 -16.746 -0.000 
G27 2022  62          24834 GPS  -16.883 -16.746 -0.000 
G27 2022  62          24835 GPS  -16.854 -16.747 -0.000 
G27 2022  62          24836 GPS  -16.888 -16.747 -0.000 
G27 2022  62          24837 GPS  -16.871 -16.748 -0.000 
G27 2022  62          24838 GPS  -16.854 -16.748 -0.000 
G27 2022  62          24839 GPS  -16.853 -16.748 -0.000 
G27 2022  62          24840 GPS  -16.846 -16.748 -0.000 
G27 2022  62          24841 GPS  -16.838 -16.749 -0.000 
G27 2022  62          24842 GPS  -16.843 -16.749 -0.000 
G27 2022  62          24843 GPS  -16.845 -16.749 -0.000 
G27 2022  62          24844 GPS  -16.834 -16.750 -0.000 
G27 2022  62          24845 GPS  -16.825 -16.750 -0.000 
G27 2022  62          24846 GPS  -16.810 -16.750 -0.000 
G27 2022  62          24847 GPS  -16.812 -16.750 -0.000 
G27 2022  62          24848 GPS  -16.812 -16.750 -0.000 
G27 2022  62          24849 GPS  -16.808 -16.751 -0.000 
G27 2022  62          24850 GPS  -16.814 -16.751 -0.000 
G27 2022  62          24851 GPS  -16.833 -16.751 -0.000 
G27 2022  62          24852 GPS  -16.835 -16.751 -0.000 
G27 2022  62          24853 GPS  -16.828 -16.751 -0.000 
G27 2022  62          24854 GPS  -16.807 -16.752 -0.000 
G27 2022  62          24855 GPS  -16.815 -16.752 -0.000 
G27 2022  62          24856 GPS  -16.807 -16.752 -0.000 
G27 2022  62          24857 GPS  -16.829 -16.752 -0.000 
G27 2022  62          24858 GPS  -16.836 -16.752 -0.000 
G27 2022  62          24859 GPS  -16.823 -16.753 -0.000 
G27 2022  62          24860 GPS  -16.838 -16.753 -0.000 
G27 2022  62          24861 GPS  -16.833 -16.753 -0.000 
G27 2022  62          24862 GPS  -16.840 -16.753 -0.000 
G27 2022  62          24863 GPS  -16.823 -16.754 -0.000 
G27 2022  62          24864 GPS  -16.819 -16.754 -0.000 
G27 2022  62          24865 GPS  -16.830 -16.754 -0.000 
G27 2022  62          24866 GPS  -16.856 -16.754 -0.000 
G27 2022  62          24867 GPS  -16.841 -16.755 -0.000 
G27 2022  62          24868 GPS  -16.825 -16.755 -0.000 
G27 2022  62          24869 GPS  -16.834 -16.755 -0.000 
G27 2022  62          24870 GPS  -16.851 -16.755 -0.000 
G27 2022  62          24871 GPS  -16.838 -16.755 -0.000 
G27 2022  62          24872 GPS  -16.844 -16.756 -0.000 
G27 2022  62          24873 GPS  -16.835 -16.756 -0.000 
G27 2022  62          24874 GPS  -16.815 -16.756 -0.000 
G27 2022  62          24875 GPS  -16.815 -16.756 -0.000 
G27 2022  62          24876 GPS  -16.806 -16.756 -0.000 
G27 2022  62          24877 GPS  -16.807 -16.757 -0.000 
G27 2022  62          24878 GPS  -16.794 -16.757 -0.000 
G27 2022  62          24879 GPS  -16.829 -16.757 -0.000 
G27 2022  62          24880 GPS  -16.824 -16.757 -0.000 
G27 2022  62          24881 GPS  -16.811 -16.757 -0.000 
G27 2022  62          24882 GPS  -16.807 -16.757 -0.000 
G27 2022  62          24883 GPS  -16.806 -16.757 -0.000 
G27 2022  62          24884 GPS  -16.786 -16.758 -0.000 
G27 2022  62          24885 GPS  -16.804 -16.758 -0.000 
G27 2022  62          24886 GPS  -16.788 -16.758 -0.000 
G27 2022  62          24887 GPS  -16.766 -16.758 -0.000 
G27 2022  62          24888 GPS  -16.773 -16.758 -0.000 
G27 2022  62          24889 GPS  -16.769 -16.758 -0.000 
G27 2022  62          24890 GPS  -16.748 -16.758 -0.000 
G27 2022  62          24891 GPS  -16.725 -16.758 -0.000 
G27 2022  62          24892 GPS  -16.712 -16.758 -0.000 
G27 2022  62          24893 GPS  -16.706 -16.757 -0.000 
G27 2022  62          24894 GPS  -16.694 -16.757 -0.000 
G27 2022  62          24895 GPS  -16.672 -16.757 -0.000 
G27 2022  62          24896 GPS  -16.691 -16.757 -0.000 
G27 2022  62          24897 GPS  -16.686 -16.757 -0.000 
G27 2022  62          24898 GPS  -16.679 -16.756 -0.000 
G27 2022  62          24899 GPS  -16.686 -16.756 -0.000 
G27 2022  62          24900 GPS  -16.701 -16.756 -0.000 
G27 2022  62          24901 GPS  -16.694 -16.756 -0.000 
G27 2022  62          24902 GPS  -16.694 -16.756 -0.000 
G27 2022  62          24903 GPS  -16.704 -16.756 -0.000 
G27 2022  62          24904 GPS  -16.697 -16.756 -0.000 
G27 2022  62          24905 GPS  -16.712 -16.755 -0.000 
G27 2022  62          24906 GPS  -16.724 -16.755 -0.000 
G27 2022  62          24907 GPS  -16.716 -16.755 -0.000 
G27 2022  62          24908 GPS  -16.729 -16.755 -0.000 
G27 2022  62          24909 GPS  -16.750 -16.755 -0.000 
G27 2022  62          24910 GPS  -16.748 -16.755 -0.000 
G27 2022  62          24911 GPS  -16.749 -16.755 -0.000 
G27 2022  62          24912 GPS  -16.764 -16.755 -0.000 
G27 2022  62          24913 GPS  -16.766 -16.755 -0.000 
G27 2022  62          24914 GPS  -16.776 -16.755 -0.000 
G27 2022  62          24915 GPS  -16.805 -16.755 -0.000 
G27 2022  62          24916 GPS  -16.820 -16.756 -0.000 
G27 2022  62          24917 GPS  -16.829 -16.756 -0.000 
G27 2022  62          24918 GPS  -16.830 -16.756 -0.000 
G27 2022  62          24919 GPS  -16.831 -16.756 -0.000 
G27 2022  62          24920 GPS  -16.835 -16.756 -0.000 
G27 2022  62          24921 GPS  -16.813 -16.756 -0.000 
G27 2022  62          24922 GPS  -16.816 -16.757 -0.000 
G27 2022  62          24923 GPS  -16.819 -16.757 -0.000 
G27 2022  62          24924 GPS  -16.828 -16.757 -0.000 
G27 2022  62          24925 GPS  -16.826 -16.757 -0.000 
G27 2022  62          24926 GPS  -16.818 -16.757 -0.000 
G27 2022  62          24927 GPS  -16.835 -16.757 -0.000 
G27 2022  62          24928 GPS  -16.841 -16.758 -0.000 
G27 2022  62          24929 GPS  -16.841 -16.758 -0.000 
G27 2022  62          24930 GPS  -16.835 -16.758 -0.000 
G27 2022  62          24931 GPS  -16.835 -16.758 -0.000 
G27 2022  62          24932 GPS  -16.846 -16.758 -0.000 
G27 2022  62          24933 GPS  -16.868 -16.759 -0.000 
G27 2022  62          24934 GPS  -16.880 -16.759 -0.000 
G27 2022  62          24935 GPS  -16.852 -16.759 -0.000 
G27 2022  62          24936 GPS  -16.843 -16.759 -0.000 
G27 2022  62          24937 GPS  -16.824 -16.760 -0.000 
G27 2022  62          24938 GPS  -16.811 -16.760 -0.000 
G27 2022  62          24939 GPS  -16.797 -16.760 -0.000 
G27 2022  62          24940 GPS  -16.804 -16.760 -0.000 
G27 2022  62          24941 GPS  -16.774 -16.760 -0.000 
G27 2022  62          24942 GPS  -16.751 -16.760 -0.000 
G27 2022  62          24943 GPS  -16.751 -16.760 -0.000 
G27 2022  62          24944 GPS  -16.760 -16.760 -0.000 
G27 2022  62          24945 GPS  -16.773 -16.760 -0.000 
G27 2022  62          24946 GPS  -16.798 -16.760 -0.000 
G27 2022  62          24947 GPS  -16.809 -16.760 -0.000 
G27 2022  62          24948 GPS  -16.800 -16.760 -0.000 
G27 2022  62          24949 GPS  -16.787 -16.760 -0.000 
G27 2022  62          24950 GPS  -16.811 -16.760 -0.000 
G27 2022  62          24951 GPS  -16.810 -16.760 -0.000 
G27 2022  62          24952 GPS  -16.800 -16.761 -0.000 
G27 2022  62          24953 GPS  -16.823 -16.761 -0.000 
G27 2022  62          24954 GPS  -16.817 -16.761 -0.000 
G27 2022  62          24955 GPS  -16.823 -16.761 -0.000 
G27 2022  62          24956 GPS  -16.819 -16.761 -0.000 
G27 2022  62          24957 GPS  -16.819 -16.761 -0.000 
G27 2022  62          24958 GPS  -16.826 -16.761 -0.000 
G27 2022  62          24959 GPS  -16.832 -16.762 -0.000 
G27 2022  62          24960 GPS  -16.822 -16.762 -0.000 
G27 2022  62          24961 GPS  -16.823 -16.762 -0.000 
G27 2022  62          24962 GPS  -16.835 -16.762 -0.000 
G27 2022  62          24963 GPS  -16.859 -16.762 -0.000 
G27 2022  62          24964 GPS  -16.866 -16.762 -0.000 
G27 2022  62          24965 GPS  -16.852 -16.763 -0.000 
G27 2022  62          24966 GPS  -16.863 -16.763 -0.000 
G27 2022  62          24967 GPS  -16.846 -16.763 -0.000 
G27 2022  62          24968 GPS  -16.851 -16.763 -0.000 
G27 2022  62          24969 GPS  -16.853 -16.763 -0.000 
G27 2022  62          24970 GPS  -16.859 -16.764 -0.000 
G27 2022  62          24971 GPS  -16.880 -16.764 -0.000 
G27 2022  62          24972 GPS  -16.867 -16.764 -0.000 
G27 2022  62          24973 GPS  -16.896 -16.764 -0.000 
G27 2022  62          24974 GPS  -16.895 -16.765 -0.000 
G27 2022  62          24975 GPS  -16.894 -16.765 -0.000 
G27 2022  62          24976 GPS  -16.897 -16.765 -0.000 
G27 2022  62          24977 GPS  -16.904 -16.766 -0.000 
G27 2022  62          24978 GPS  -16.903 -16.766 -0.000 
G27 2022  62          24979 GPS  -16.905 -16.766 -0.000 
G27 2022  62          24980 GPS  -16.888 -16.766 -0.000 
G27 2022  62          24981 GPS  -16.892 -16.767 -0.000 
G27 2022  62          24982 GPS  -16.902 -16.767 -0.000 
G27 2022  62          24983 GPS  -16.884 -16.767 -0.000 
G27 2022  62          24984 GPS  -16.897 -16.767 -0.000 
G27 2022  62          24985 GPS  -16.895 -16.768 -0.000 
G27 2022  62          24986 GPS  -16.870 -16.768 -0.000 
G27 2022  62          24987 GPS  -16.846 -16.768 -0.000 
G27 2022  62          24988 GPS  -16.844 -16.768 -0.000 
G27 2022  62          24989 GPS  -16.850 -16.768 -0.000 
G27 2022  62          24990 GPS  -16.866 -16.769 -0.000 
G27 2022  62          24991 GPS  -16.872 -16.769 -0.000 
G27 2022  62          24992 GPS  -16.879 -16.769 -0.000 
G27 2022  62          24993 GPS  -16.879 -16.769 -0.000 
G27 2022  62          24994 GPS  -16.892 -16.770 -0.000 
G27 2022  62          24995 GPS  -16.895 -16.770 -0.000 
G27 2022  62          24996 GPS  -16.890 -16.770 -0.000 
G27 2022  62          24997 GPS  -16.897 -16.770 -0.000 
G27 2022  62          24998 GPS  -16.918 -16.771 -0.000 
G27 2022  62          24999 GPS  -16.891 -16.771 -0.000 
G27 2022  62          25000 GPS  -16.896 -16.771 -0.000 
G27 2022  62          25001 GPS  -16.923 -16.772 -0.000 
G27 2022  62          25002 GPS  -16.937 -16.772 -0.000 
G27 2022  62          25003 GPS  -16.928 -16.772 -0.000 
G27 2022  62          25004 GPS  -16.928 -16.772 -0.000 
G27 2022  62          25005 GPS  -16.907 -16.773 -0.000 
G27 2022  62          25006 GPS  -16.899 -16.773 -0.000 
G27 2022  62          25007 GPS  -16.919 -16.773 -0.000 
G27 2022  62          25008 GPS  -16.928 -16.774 -0.000 
G27 2022  62          25009 GPS  -16.906 -16.774 -0.000 
G27 2022  62          25010 GPS  -16.899 -16.774 -0.000 
G27 2022  62          25011 GPS  -16.898 -16.774 -0.000 
G27 2022  62          25012 GPS  -16.894 -16.775 -0.000 
G27 2022  62          25013 GPS  -16.904 -16.775 -0.000 
G27 2022  62          25014 GPS  -16.902 -16.775 -0.000 
G27 2022  62          25015 GPS  -16.882 -16.775 -0.000 
G27 2022  62          25016 GPS  -16.902 -16.776 -0.000 
G27 2022  62          25017 GPS  -16.919 -16.776 -0.000 
G27 2022  62          25018 GPS  -16.939 -16.776 -0.000 
G27 2022  62          25019 GPS  -16.944 -16.777 -0.000 
G27 2022  62          25020 GPS  -16.942 -16.777 -0.000 
G27 2022  62          25021 GPS  -16.910 -16.777 -0.000 
G27 2022  62          25022 GPS  -16.911 -16.777 -0.000 
G27 2022  62          25023 GPS  -16.931 -16.778 -0.000 
G27 2022  62          25024 GPS  -16.923 -16.778 -0.000 
G27 2022  62          25025 GPS  -16.917 -16.778 -0.000 
G27 2022  62          25026 GPS  -16.925 -16.779 -0.000 
G27 2022  62          25027 GPS  -16.908 -16.779 -0.000 
G27 2022  62          25028 GPS  -16.895 -16.779 -0.000 
G27 2022  62          25029 GPS  -16.903 -16.779 -0.000 
G27 2022  62          25030 GPS  -16.943 -16.780 -0.000 
G27 2022  62          25031 GPS  -16.942 -16.780 -0.000 
G27 2022  62          25032 GPS  -16.932 -16.780 -0.000 
G27 2022  62          25033 GPS  -16.942 -16.781 -0.000 
G27 2022  62          25034 GPS  -16.933 -16.781 -0.000 
G27 2022  62          25035 GPS  -16.895 -16.781 -0.000 
G27 2022  62          25036 GPS  -16.914 -16.781 -0.000 
G27 2022  62          25037 GPS  -16.923 -16.782 -0.000 
G27 2022  62          25038 GPS  -16.928 -16.782 -0.000 
G27 2022  62          25039 GPS  -16.927 -16.782 -0.000 
G27 2022  62          25040 GPS  -16.915 -16.782 -0.000 
G27 2022  62          25041 GPS  -16.902 -16.783 -0.000 
G27 2022  62          25042 GPS  -16.912 -16.783 -0.000 
G27 2022  62          25043 GPS  -16.905 -16.783 -0.000 
G27 2022  62          25044 GPS  -16.901 -16.783 -0.000 
G27 2022  62          25045 GPS  -16.919 -16.784 -0.000 
G27 2022  62          25046 GPS  -16.932 -16.784 -0.000 
G27 2022  62          25047 GPS  -16.955 -16.784 -0.000 
G27 2022  62          25048 GPS  -16.966 -16.785 -0.000 
G27 2022  62          25049 GPS  -16.961 -16.785 -0.000 
G27 2022  62          25050 GPS  -16.974 -16.785 -0.000 
G27 2022  62          25051 GPS  -16.962 -16.786 -0.000 
G27 2022  62          25052 GPS  -16.920 -16.786 -0.000 
G27 2022  62          25053 GPS  -16.918 -16.786 -0.000 
G27 2022  62          25054 GPS  -16.909 -16.786 -0.000 
G27 2022  62          25055 GPS  -16.927 -16.787 -0.000 
G27 2022  62          25056 GPS  -16.956 -16.787 -0.000 
G27 2022  62          25057 GPS  -16.973 -16.787 -0.000 
G27 2022  62          25058 GPS  -16.970 -16.788 -0.000 
G27 2022  62          25059 GPS  -16.950 -16.788 -0.000 
G27 2022  62          25060 GPS  -16.950 -16.788 -0.000 
G27 2022  62          25061 GPS  -16.943 -16.788 -0.000 
G27 2022  62          25062 GPS  -16.926 -16.789 -0.000 
G27 2022  62          25063 GPS  -16.930 -16.789 -0.000 
G27 2022  62          25064 GPS  -16.941 -16.789 -0.000 
G27 2022  62          25065 GPS  -16.927 -16.789 -0.000 
G27 2022  62          25066 GPS  -16.943 -16.790 -0.000 
G27 2022  62          25067 GPS  -16.926 -16.790 -0.000 
G27 2022  62          25068 GPS  -16.927 -16.790 -0.000 
G27 2022  62          25069 GPS  -16.904 -16.790 -0.000 
G27 2022  62          25070 GPS  -16.909 -16.791 -0.000 
G27 2022  62          25071 GPS  -16.905 -16.791 -0.000 
G27 2022  62          25072 GPS  -16.905 -16.791 -0.000 
G27 2022  62          25073 GPS  -16.897 -16.791 -0.000 
G27 2022  62          25074 GPS  -16.897 -16.791 -0.000 
G27 2022  62          25075 GPS  -16.907 -16.792 -0.000 
G27 2022  62          25076 GPS  -16.944 -16.792 -0.000 
G27 2022  62          25077 GPS  -16.961 -16.792 -0.000 
G27 2022  62          25078 GPS  -16.947 -16.792 -0.000 
G27 2022  62          25079 GPS  -16.952 -16.793 -0.000 
G27 2022  62          25080 GPS  -16.953 -16.793 -0.000 
G27 2022  62          25081 GPS  -16.951 -16.793 -0.000 
G27 2022  62          25082 GPS  -16.978 -16.794 -0.000 
G27 2022  62          25083 GPS  -16.966 -16.794 -0.000 
G27 2022  62          25084 GPS  -16.965 -16.794 -0.000 
G27 2022  62          25085 GPS  -16.974 -16.795 -0.000 
G27 2022  62          25086 GPS  -17.005 -16.795 -0.000 
G27 2022  62          25087 GPS  -17.001 -16.795 -0.000 
G27 2022  62          25088 GPS  -16.995 -16.796 -0.000 
G27 2022  62          25089 GPS  -16.972 -16.796 -0.000 
G27 2022  62          25090 GPS  -16.955 -16.796 -0.000 
G27 2022  62          25091 GPS  -16.979 -16.797 -0.000 
G27 2022  62          25092 GPS  -17.017 -16.797 -0.000 
G27 2022  62          25093 GPS  -17.007 -16.797 -0.000 
G27 2022  62          25094 GPS  -16.999 -16.798 -0.000 
G27 2022  62          25095 GPS  -17.018 -16.798 -0.000 
G27 2022  62          25096 GPS  -17.014 -16.798 -0.000 
G27 2022  62          25097 GPS  -16.988 -16.799 -0.000 
G27 2022  62          25098 GPS  -16.992 -16.799 -0.000 
G27 2022  62          25099 GPS  -16.978 -16.799 -0.000 
G27 2022  62          25100 GPS  -16.927 -16.800 -0.000 
G27 2022  62          25101 GPS  -16.896 -16.800 -0.000 
G27 2022  62          25102 GPS  -16.896 -16.800 -0.000 
G27 2022  62          25103 GPS  -16.894 -16.800 -0.000 
G27 2022  62          25104 GPS  -16.904 -16.800 -0.000 
G27 2022  62          25105 GPS  -16.920 -16.800 -0.000 
G27 2022  62          25106 GPS  -16.932 -16.801 -0.000 
G27 2022  62          25107 GPS  -16.943 -16.801 -0.000 
G27 2022  62          25108 GPS  -16.961 -16.801 -0.000 
G27 2022  62          25109 GPS  -16.935 -16.801 -0.000 
G27 2022  62          25110 GPS  -16.901 -16.802 -0.000 
G27 2022  62          25111 GPS  -16.857 -16.802 -0.000 
G27 2022  62          25112 GPS  -16.849 -16.802 -0.000 
G27 2022  62          25113 GPS  -16.888 -16.802 -0.000 
G27 2022  62          25114 GPS  -16.877 -16.802 -0.000 
G27 2022  62          25115 GPS  -16.882 -16.802 -0.000 
G27 2022  62          25116 GPS  -16.889 -16.802 -0.000 
G27 2022  62          25117 GPS  -16.883 -16.802 -0.000 
G27 2022  62          25118 GPS  -16.905 -16.803 -0.000 
G27 2022  62          25119 GPS  -16.926 -16.803 -0.000 
G27 2022  62          25120 GPS  -16.913 -16.803 -0.000 
G27 2022  62          25121 GPS  -16.870 -16.803 -0.000 
G27 2022  62          25122 GPS  -16.878 -16.803 -0.000 
G27 2022  62          25123 GPS  -16.867 -16.803 -0.000 
G27 2022  62          25124 GPS  -16.858 -16.803 -0.000 
G27 2022  62          25125 GPS  -16.853 -16.804 -0.000 
G27 2022  62          25126 GPS  -16.858 -16.804 -0.000 
G27 2022  62          25127 GPS  -16.886 -16.804 -0.000 
G27 2022  62          25128 GPS  -16.881 -16.804 -0.000 
G27 2022  62          25129 GPS  -16.894 -16.804 -0.000 
G27 2022  62          25130 GPS  -16.882 -16.804 -0.000 
G27 2022  62          25131 GPS  -16.860 -16.804 -0.000 
G27 2022  62          25132 GPS  -16.857 -16.804 -0.000 
G27 2022  62          25133 GPS  -16.860 -16.804 -0.000 
G27 2022  62          25134 GPS  -16.859 -16.804 -0.000 
G27 2022  62          25135 GPS  -16.835 -16.805 -0.000 
G27 2022  62          25136 GPS  -16.831 -16.805 -0.000 
G27 2022  62          25137 GPS  -16.832 -16.805 -0.000 
G27 2022  62          25138 GPS  -16.850 -16.805 -0.000 
G27 2022  62          25139 GPS  -16.817 -16.805 -0.000 
G27 2022  62          25140 GPS  -16.827 -16.805 -0.000 
G27 2022  62          25141 GPS  -16.818 -16.805 -0.000 
G27 2022  62          25142 GPS  -16.800 -16.805 -0.000 
G27 2022  62          25143 GPS  -16.789 -16.805 -0.000 
G27 2022  62          25144 GPS  -16.787 -16.805 -0.000 
G27 2022  62          25145 GPS  -16.778 -16.805 -0.000 
G27 2022  62          25146 GPS  -16.803 -16.805 -0.000 
G27 2022  62          25147 GPS  -16.823 -16.805 -0.000 
G27 2022  62          25148 GPS  -16.808 -16.805 -0.000 
G27 2022  62          25149 GPS  -16.826 -16.805 -0.000 
G27 2022  62          25150 GPS  -16.840 -16.805 -0.000 
G27 2022  62          25151 GPS  -16.824 -16.805 -0.000 
G27 2022  62          25152 GPS  -16.794 -16.805 -0.000 
G27 2022  62          25153 GPS  -16.784 -16.805 -0.000 
G27 2022  62          25154 GPS  -16.796 -16.805 -0.000 
G27 2022  62          25155 GPS  -16.807 -16.805 -0.000 
G27 2022  62          25156 GPS  -16.780 -16.805 -0.000 
G27 2022  62          25157 GPS  -16.765 -16.805 -0.000 
G27 2022  62          25158 GPS  -16.763 -16.805 -0.000 
G27 2022  62          25159 GPS  -16.777 -16.805 -0.000 
G27 2022  62          25160 GPS  -16.788 -16.805 -0.000 
G27 2022  62          25161 GPS  -16.825 -16.805 -0.000 
G27 2022  62          25162 GPS  -16.814 -16.805 -0.000 
G27 2022  62          25163 GPS  -16.791 -16.805 -0.000 
G27 2022  62          25164 GPS  -16.769 -16.805 -0.000 
G27 2022  62          25165 GPS  -16.777 -16.804 -0.000 
G27 2022  62          25166 GPS  -16.736 -16.804 -0.000 
G27 2022  62          25167 GPS  -16.719 -16.804 -0.000 
G27 2022  62          25168 GPS  -16.735 -16.804 -0.000 
G27 2022  62          25169 GPS  -16.745 -16.804 -0.000 
G27 2022  62          25170 GPS  -16.721 -16.804 -0.000 
G27 2022  62          25171 GPS  -16.726 -16.804 -0.000 
G27 2022  62          25172 GPS  -16.743 -16.804 -0.000 
G27 2022  62          25173 GPS  -16.768 -16.804 -0.000 
G27 2022  62          25174 GPS  -16.782 -16.804 -0.000 
G27 2022  62          25175 GPS  -16.802 -16.804 -0.000 
G27 2022  62          25176 GPS  -16.788 -16.804 -0.000 
G27 2022  62          25177 GPS  -16.824 -16.804 -0.000 
G27 2022  62          25178 GPS  -16.815 -16.804 -0.000 
G27 2022  62          25179 GPS  -16.810 -16.804 -0.000 
G27 2022  62          25180 GPS  -16.813 -16.804 -0.000 
G27 2022  62          25181 GPS  -16.815 -16.804 -0.000 
G27 2022  62          25182 GPS  -16.818 -16.804 -0.000 
G27 2022  62          25183 GPS  -16.823 -16.804 -0.000 
G27 2022  62          25184 GPS  -16.846 -16.804 -0.000 
G27 2022  62          25185 GPS  -16.872 -16.804 -0.000 
G27 2022  62          25186 GPS  -16.890 -16.804 -0.000 
G27 2022  62          25187 GPS  -16.893 -16.804 -0.000 
G27 2022  62          25188 GPS  -16.878 -16.804 -0.000 
G27 2022  62          25189 GPS  -16.856 -16.804 -0.000 
G27 2022  62          25190 GPS  -16.867 -16.804 -0.000 
G27 2022  62          25191 GPS  -16.877 -16.805 -0.000 
G27 2022  62          25192 GPS  -16.869 -16.805 -0.000 
G27 2022  62          25193 GPS  -16.835 -16.805 -0.000 
G27 2022  62          25194 GPS  -16.853 -16.805 -0.000 
G27 2022  62          25195 GPS  -16.851 -16.805 -0.000 
G27 2022  62          25196 GPS  -16.846 -16.805 -0.000 
G27 2022  62          25197 GPS  -16.843 -16.805 -0.000 
G27 2022  62          25198 GPS  -16.828 -16.805 -0.000 
G27 2022  62          25199 GPS  -16.821 -16.805 -0.000 
G27 2022  62          25200 GPS  -16.814 -16.805 -0.000 
