G30 2022  62          24517 GPS  -11.348 -11.348 -11.348 
G30 2022  62          24518 GPS  -11.353 -11.351 -0.000 
G30 2022  62          24519 GPS  -11.351 -11.351 -0.000 
G30 2022  62          24520 GPS  -11.350 -11.351 -0.000 
G30 2022  62          24521 GPS  -11.356 -11.352 -0.000 
G30 2022  62          24522 GPS  -11.351 -11.352 -0.000 
G30 2022  62          24523 GPS  -11.347 -11.351 -0.000 
G30 2022  62          24524 GPS  -11.356 -11.352 -0.000 
G30 2022  62          24525 GPS  -11.363 -11.353 -0.000 
G30 2022  62          24526 GPS  -11.364 -11.354 -0.000 
G30 2022  62          24527 GPS  -11.362 -11.355 -0.000 
G30 2022  62          24528 GPS  -11.377 -11.356 -0.000 
G30 2022  62          24529 GPS  -11.385 -11.359 -0.000 
G30 2022  62          24530 GPS  -11.385 -11.361 -0.000 
G30 2022  62          24531 GPS  -11.394 -11.363 -0.000 
G30 2022  62          24532 GPS  -11.390 -11.364 -0.000 
G30 2022  62          24533 GPS  -11.381 -11.365 -0.000 
G30 2022  62          24534 GPS  -11.378 -11.366 -0.000 
G30 2022  62          24535 GPS  -11.375 -11.367 -0.000 
G30 2022  62          24536 GPS  -11.390 -11.368 -0.000 
G30 2022  62          24537 GPS  -11.404 -11.370 -0.000 
G30 2022  62          24538 GPS  -11.415 -11.372 -0.000 
G30 2022  62          24539 GPS  -11.414 -11.373 -0.000 
G30 2022  62          24540 GPS  -11.413 -11.375 -0.000 
G30 2022  62          24541 GPS  -11.423 -11.377 -0.000 
G30 2022  62          24542 GPS  -11.419 -11.379 -0.000 
G30 2022  62          24543 GPS  -11.418 -11.380 -0.000 
G30 2022  62          24544 GPS  -11.401 -11.381 -0.000 
G30 2022  62          24545 GPS  -11.388 -11.381 -0.000 
G30 2022  62          24546 GPS  -11.383 -11.381 -0.000 
G30 2022  62          24547 GPS  -11.382 -11.381 -0.000 
G30 2022  62          24548 GPS  -11.382 -11.381 -0.000 
G30 2022  62          24549 GPS  -11.373 -11.381 -0.000 
G30 2022  62          24550 GPS  -11.355 -11.380 -0.000 
G30 2022  62          24551 GPS  -11.344 -11.379 -0.000 
G30 2022  62          24552 GPS  -11.324 -11.378 -0.000 
G30 2022  62          24553 GPS  -11.307 -11.376 -0.000 
G30 2022  62          24554 GPS  -11.295 -11.374 -0.000 
G30 2022  62          24555 GPS  -11.289 -11.371 -0.000 
G30 2022  62          24556 GPS  -11.284 -11.369 -0.000 
G30 2022  62          24557 GPS  -11.284 -11.367 -0.000 
G30 2022  62          24558 GPS  -11.284 -11.365 -0.000 
G30 2022  62          24559 GPS  -11.285 -11.363 -0.000 
G30 2022  62          24560 GPS  -11.299 -11.362 -0.000 
G30 2022  62          24561 GPS  -11.308 -11.361 -0.000 
G30 2022  62          24562 GPS  -11.319 -11.360 -0.000 
G30 2022  62          24563 GPS  -11.321 -11.359 -0.000 
G30 2022  62          24564 GPS  -11.325 -11.358 -0.000 
G30 2022  62          24565 GPS  -11.330 -11.358 -0.000 
G30 2022  62          24566 GPS  -11.334 -11.357 -0.000 
G30 2022  62          24567 GPS  -11.346 -11.357 -0.000 
G30 2022  62          24568 GPS  -11.352 -11.357 -0.000 
G30 2022  62          24569 GPS  -11.351 -11.357 -0.000 
G30 2022  62          24570 GPS  -11.357 -11.357 -0.000 
G30 2022  62          24571 GPS  -11.353 -11.357 -0.000 
G30 2022  62          24572 GPS  -11.336 -11.356 -0.000 
G30 2022  62          24573 GPS  -11.319 -11.356 -0.000 
G30 2022  62          24574 GPS  -11.320 -11.355 -0.000 
G30 2022  62          24575 GPS  -11.326 -11.354 -0.000 
G30 2022  62          24576 GPS  -11.325 -11.354 -0.000 
G30 2022  62          24577 GPS  -11.315 -11.353 -0.000 
G30 2022  62          24578 GPS  -11.309 -11.353 -0.000 
G30 2022  62          24579 GPS  -11.305 -11.352 -0.000 
G30 2022  62          24580 GPS  -11.304 -11.351 -0.000 
G30 2022  62          24581 GPS  -11.298 -11.350 -0.000 
G30 2022  62          24582 GPS  -11.298 -11.350 -0.000 
G30 2022  62          24583 GPS  -11.305 -11.349 -0.000 
G30 2022  62          24584 GPS  -11.316 -11.348 -0.000 
G30 2022  62          24585 GPS  -11.312 -11.348 -0.000 
G30 2022  62          24586 GPS  -11.307 -11.347 -0.000 
G30 2022  62          24587 GPS  -11.313 -11.347 -0.000 
G30 2022  62          24588 GPS  -11.307 -11.346 -0.000 
G30 2022  62          24589 GPS  -11.298 -11.346 -0.000 
G30 2022  62          24590 GPS  -11.303 -11.345 -0.000 
G30 2022  62          24591 GPS  -11.306 -11.344 -0.000 
G30 2022  62          24592 GPS  -11.313 -11.344 -0.000 
G30 2022  62          24593 GPS  -11.319 -11.344 -0.000 
G30 2022  62          24594 GPS  -11.319 -11.343 -0.000 
G30 2022  62          24595 GPS  -11.308 -11.343 -0.000 
G30 2022  62          24596 GPS  -11.299 -11.342 -0.000 
G30 2022  62          24597 GPS  -11.301 -11.342 -0.000 
G30 2022  62          24598 GPS  -11.304 -11.341 -0.000 
G30 2022  62          24599 GPS  -11.295 -11.341 -0.000 
G30 2022  62          24600 GPS  -11.277 -11.340 -0.000 
G30 2022  62          24601 GPS  -11.279 -11.339 -0.000 
G30 2022  62          24602 GPS  -11.276 -11.339 -0.000 
G30 2022  62          24603 GPS  -11.280 -11.338 -0.000 
G30 2022  62          24604 GPS  -11.281 -11.337 -0.000 
G30 2022  62          24605 GPS  -11.282 -11.337 -0.000 
G30 2022  62          24606 GPS  -11.272 -11.336 -0.000 
G30 2022  62          24607 GPS  -11.268 -11.335 -0.000 
G30 2022  62          24608 GPS  -11.271 -11.335 -0.000 
G30 2022  62          24609 GPS  -11.281 -11.334 -0.000 
G30 2022  62          24610 GPS  -11.281 -11.333 -0.000 
G30 2022  62          24611 GPS  -11.284 -11.333 -0.000 
G30 2022  62          24612 GPS  -11.285 -11.332 -0.000 
G30 2022  62          24613 GPS  -11.291 -11.332 -0.000 
G30 2022  62          24614 GPS  -11.297 -11.332 -0.000 
G30 2022  62          24615 GPS  -11.306 -11.331 -0.000 
G30 2022  62          24616 GPS  -11.310 -11.331 -0.000 
G30 2022  62          24617 GPS  -11.310 -11.331 -0.000 
G30 2022  62          24618 GPS  -11.324 -11.331 -0.000 
G30 2022  62          24619 GPS  -11.315 -11.331 -0.000 
G30 2022  62          24620 GPS  -11.308 -11.331 -0.000 
G30 2022  62          24621 GPS  -11.301 -11.330 -0.000 
G30 2022  62          24622 GPS  -11.281 -11.330 -0.000 
G30 2022  62          24623 GPS  -11.279 -11.329 -0.000 
G30 2022  62          24624 GPS  -11.272 -11.329 -0.000 
G30 2022  62          24625 GPS  -11.284 -11.328 -0.000 
G30 2022  62          24626 GPS  -11.277 -11.328 -0.000 
G30 2022  62          24627 GPS  -11.280 -11.327 -0.000 
G30 2022  62          24628 GPS  -11.274 -11.327 -0.000 
G30 2022  62          24629 GPS  -11.301 -11.327 -0.000 
G30 2022  62          24630 GPS  -11.300 -11.327 -0.000 
G30 2022  62          24631 GPS  -11.298 -11.326 -0.000 
G30 2022  62          24632 GPS  -11.303 -11.326 -0.000 
G30 2022  62          24633 GPS  -11.306 -11.326 -0.000 
G30 2022  62          24634 GPS  -11.310 -11.326 -0.000 
G30 2022  62          24635 GPS  -11.306 -11.326 -0.000 
G30 2022  62          24636 GPS  -11.310 -11.325 -0.000 
G30 2022  62          24637 GPS  -11.306 -11.325 -0.000 
G30 2022  62          24638 GPS  -11.315 -11.325 -0.000 
G30 2022  62          24639 GPS  -11.330 -11.325 -0.000 
G30 2022  62          24640 GPS  -11.332 -11.325 -0.000 
G30 2022  62          24641 GPS  -11.345 -11.325 -0.000 
G30 2022  62          24642 GPS  -11.361 -11.326 -0.000 
G30 2022  62          24643 GPS  -11.366 -11.326 -0.000 
G30 2022  62          24644 GPS  -11.368 -11.326 -0.000 
G30 2022  62          24645 GPS  -11.373 -11.327 -0.000 
G30 2022  62          24646 GPS  -11.376 -11.327 -0.000 
G30 2022  62          24647 GPS  -11.390 -11.328 -0.000 
G30 2022  62          24648 GPS  -11.392 -11.328 -0.000 
G30 2022  62          24649 GPS  -11.389 -11.329 -0.000 
G30 2022  62          24650 GPS  -11.399 -11.329 -0.000 
G30 2022  62          24651 GPS  -11.401 -11.330 -0.000 
G30 2022  62          24652 GPS  -11.384 -11.330 -0.000 
G30 2022  62          24653 GPS  -11.378 -11.330 -0.000 
G30 2022  62          24654 GPS  -11.363 -11.331 -0.000 
G30 2022  62          24655 GPS  -11.355 -11.331 -0.000 
G30 2022  62          24656 GPS  -11.352 -11.331 -0.000 
G30 2022  62          24657 GPS  -11.364 -11.331 -0.000 
G30 2022  62          24658 GPS  -11.367 -11.331 -0.000 
G30 2022  62          24659 GPS  -11.366 -11.332 -0.000 
G30 2022  62          24660 GPS  -11.366 -11.332 -0.000 
G30 2022  62          24661 GPS  -11.374 -11.332 -0.000 
G30 2022  62          24662 GPS  -11.377 -11.332 -0.000 
G30 2022  62          24663 GPS  -11.379 -11.333 -0.000 
G30 2022  62          24664 GPS  -11.384 -11.333 -0.000 
G30 2022  62          24665 GPS  -11.386 -11.334 -0.000 
G30 2022  62          24666 GPS  -11.390 -11.334 -0.000 
G30 2022  62          24667 GPS  -11.401 -11.334 -0.000 
G30 2022  62          24668 GPS  -11.407 -11.335 -0.000 
G30 2022  62          24669 GPS  -11.410 -11.335 -0.000 
G30 2022  62          24670 GPS  -11.421 -11.336 -0.000 
G30 2022  62          24671 GPS  -11.427 -11.336 -0.000 
G30 2022  62          24672 GPS  -11.419 -11.337 -0.000 
G30 2022  62          24673 GPS  -11.425 -11.338 -0.000 
G30 2022  62          24674 GPS  -11.428 -11.338 -0.000 
G30 2022  62          24675 GPS  -11.436 -11.339 -0.000 
G30 2022  62          24676 GPS  -11.431 -11.339 -0.000 
G30 2022  62          24677 GPS  -11.434 -11.340 -0.000 
G30 2022  62          24678 GPS  -11.424 -11.340 -0.000 
G30 2022  62          24679 GPS  -11.429 -11.341 -0.000 
G30 2022  62          24680 GPS  -11.442 -11.342 -0.000 
G30 2022  62          24681 GPS  -11.436 -11.342 -0.000 
G30 2022  62          24682 GPS  -11.449 -11.343 -0.000 
G30 2022  62          24683 GPS  -11.451 -11.343 -0.000 
G30 2022  62          24684 GPS  -11.466 -11.344 -0.000 
G30 2022  62          24685 GPS  -11.484 -11.345 -0.000 
G30 2022  62          24686 GPS  -11.485 -11.346 -0.000 
G30 2022  62          24687 GPS  -11.484 -11.347 -0.000 
G30 2022  62          24688 GPS  -11.497 -11.347 -0.000 
G30 2022  62          24689 GPS  -11.504 -11.348 -0.000 
G30 2022  62          24690 GPS  -11.509 -11.349 -0.000 
G30 2022  62          24691 GPS  -11.518 -11.350 -0.000 
G30 2022  62          24692 GPS  -11.513 -11.351 -0.000 
G30 2022  62          24693 GPS  -11.502 -11.352 -0.000 
G30 2022  62          24694 GPS  -11.495 -11.353 -0.000 
G30 2022  62          24695 GPS  -11.480 -11.354 -0.000 
G30 2022  62          24696 GPS  -11.478 -11.354 -0.000 
G30 2022  62          24697 GPS  -11.473 -11.355 -0.000 
G30 2022  62          24698 GPS  -11.472 -11.356 -0.000 
G30 2022  62          24699 GPS  -11.470 -11.356 -0.000 
G30 2022  62          24700 GPS  -11.458 -11.357 -0.000 
G30 2022  62          24701 GPS  -11.445 -11.357 -0.000 
G30 2022  62          24702 GPS  -11.436 -11.358 -0.000 
G30 2022  62          24703 GPS  -11.436 -11.358 -0.000 
G30 2022  62          24704 GPS  -11.430 -11.358 -0.000 
G30 2022  62          24705 GPS  -11.415 -11.359 -0.000 
G30 2022  62          24706 GPS  -11.427 -11.359 -0.000 
G30 2022  62          24707 GPS  -11.422 -11.359 -0.000 
G30 2022  62          24708 GPS  -11.435 -11.360 -0.000 
G30 2022  62          24709 GPS  -11.433 -11.360 -0.000 
G30 2022  62          24710 GPS  -11.430 -11.361 -0.000 
G30 2022  62          24711 GPS  -11.417 -11.361 -0.000 
G30 2022  62          24712 GPS  -11.418 -11.361 -0.000 
G30 2022  62          24713 GPS  -11.421 -11.361 -0.000 
G30 2022  62          24714 GPS  -11.412 -11.362 -0.000 
G30 2022  62          24715 GPS  -11.413 -11.362 -0.000 
G30 2022  62          24716 GPS  -11.396 -11.362 -0.000 
G30 2022  62          24717 GPS  -11.381 -11.362 -0.000 
G30 2022  62          24718 GPS  -11.382 -11.362 -0.000 
G30 2022  62          24719 GPS  -11.389 -11.362 -0.000 
G30 2022  62          24720 GPS  -11.389 -11.363 -0.000 
G30 2022  62          24721 GPS  -11.392 -11.363 -0.000 
G30 2022  62          24722 GPS  -11.376 -11.363 -0.000 
G30 2022  62          24723 GPS  -11.371 -11.363 -0.000 
G30 2022  62          24724 GPS  -11.361 -11.363 -0.000 
G30 2022  62          24725 GPS  -11.362 -11.363 -0.000 
G30 2022  62          24726 GPS  -11.360 -11.363 -0.000 
G30 2022  62          24727 GPS  -11.355 -11.363 -0.000 
G30 2022  62          24728 GPS  -11.349 -11.363 -0.000 
G30 2022  62          24729 GPS  -11.344 -11.363 -0.000 
G30 2022  62          24730 GPS  -11.354 -11.363 -0.000 
G30 2022  62          24731 GPS  -11.344 -11.362 -0.000 
G30 2022  62          24732 GPS  -11.337 -11.362 -0.000 
G30 2022  62          24733 GPS  -11.327 -11.362 -0.000 
G30 2022  62          24734 GPS  -11.313 -11.362 -0.000 
G30 2022  62          24735 GPS  -11.309 -11.362 -0.000 
G30 2022  62          24736 GPS  -11.323 -11.362 -0.000 
G30 2022  62          24737 GPS  -11.325 -11.361 -0.000 
G30 2022  62          24738 GPS  -11.319 -11.361 -0.000 
G30 2022  62          24739 GPS  -11.304 -11.361 -0.000 
G30 2022  62          24740 GPS  -11.294 -11.361 -0.000 
G30 2022  62          24741 GPS  -11.287 -11.360 -0.000 
G30 2022  62          24742 GPS  -11.279 -11.360 -0.000 
G30 2022  62          24743 GPS  -11.273 -11.360 -0.000 
G30 2022  62          24744 GPS  -11.267 -11.359 -0.000 
G30 2022  62          24745 GPS  -11.252 -11.359 -0.000 
G30 2022  62          24746 GPS  -11.235 -11.358 -0.000 
G30 2022  62          24747 GPS  -11.228 -11.358 -0.000 
G30 2022  62          24748 GPS  -11.232 -11.357 -0.000 
G30 2022  62          24749 GPS  -11.228 -11.356 -0.000 
G30 2022  62          24750 GPS  -11.231 -11.356 -0.000 
G30 2022  62          24751 GPS  -11.233 -11.355 -0.000 
G30 2022  62          24752 GPS  -11.234 -11.355 -0.000 
G30 2022  62          24753 GPS  -11.244 -11.354 -0.000 
G30 2022  62          24754 GPS  -11.244 -11.354 -0.000 
G30 2022  62          24755 GPS  -11.240 -11.354 -0.000 
G30 2022  62          24756 GPS  -11.241 -11.353 -0.000 
G30 2022  62          24757 GPS  -11.232 -11.353 -0.000 
G30 2022  62          24758 GPS  -11.225 -11.352 -0.000 
G30 2022  62          24759 GPS  -11.216 -11.351 -0.000 
G30 2022  62          24760 GPS  -11.211 -11.351 -0.000 
G30 2022  62          24761 GPS  -11.213 -11.350 -0.000 
G30 2022  62          24762 GPS  -11.218 -11.350 -0.000 
G30 2022  62          24763 GPS  -11.211 -11.349 -0.000 
G30 2022  62          24764 GPS  -11.217 -11.349 -0.000 
G30 2022  62          24765 GPS  -11.217 -11.348 -0.000 
G30 2022  62          24766 GPS  -11.227 -11.348 -0.000 
G30 2022  62          24767 GPS  -11.240 -11.347 -0.000 
G30 2022  62          24768 GPS  -11.244 -11.347 -0.000 
G30 2022  62          24769 GPS  -11.246 -11.346 -0.000 
G30 2022  62          24770 GPS  -11.247 -11.346 -0.000 
G30 2022  62          24771 GPS  -11.247 -11.346 -0.000 
G30 2022  62          24772 GPS  -11.239 -11.345 -0.000 
G30 2022  62          24773 GPS  -11.246 -11.345 -0.000 
G30 2022  62          24774 GPS  -11.250 -11.344 -0.000 
G30 2022  62          24775 GPS  -11.254 -11.344 -0.000 
G30 2022  62          24776 GPS  -11.260 -11.344 -0.000 
G30 2022  62          24777 GPS  -11.262 -11.344 -0.000 
G30 2022  62          24778 GPS  -11.266 -11.343 -0.000 
G30 2022  62          24779 GPS  -11.271 -11.343 -0.000 
G30 2022  62          24780 GPS  -11.275 -11.343 -0.000 
G30 2022  62          24781 GPS  -11.276 -11.342 -0.000 
G30 2022  62          24782 GPS  -11.283 -11.342 -0.000 
G30 2022  62          24783 GPS  -11.286 -11.342 -0.000 
G30 2022  62          24784 GPS  -11.289 -11.342 -0.000 
G30 2022  62          24785 GPS  -11.300 -11.342 -0.000 
G30 2022  62          24786 GPS  -11.292 -11.341 -0.000 
G30 2022  62          24787 GPS  -11.300 -11.341 -0.000 
G30 2022  62          24788 GPS  -11.302 -11.341 -0.000 
G30 2022  62          24789 GPS  -11.306 -11.341 -0.000 
G30 2022  62          24790 GPS  -11.299 -11.341 -0.000 
G30 2022  62          24791 GPS  -11.301 -11.341 -0.000 
G30 2022  62          24792 GPS  -11.310 -11.341 -0.000 
G30 2022  62          24793 GPS  -11.315 -11.341 -0.000 
G30 2022  62          24794 GPS  -11.321 -11.340 -0.000 
G30 2022  62          24795 GPS  -11.322 -11.340 -0.000 
G30 2022  62          24796 GPS  -11.323 -11.340 -0.000 
G30 2022  62          24797 GPS  -11.319 -11.340 -0.000 
G30 2022  62          24798 GPS  -11.320 -11.340 -0.000 
G30 2022  62          24799 GPS  -11.321 -11.340 -0.000 
G30 2022  62          24800 GPS  -11.330 -11.340 -0.000 
G30 2022  62          24801 GPS  -11.338 -11.340 -0.000 
G30 2022  62          24802 GPS  -11.353 -11.340 -0.000 
G30 2022  62          24803 GPS  -11.351 -11.340 -0.000 
G30 2022  62          24804 GPS  -11.344 -11.340 -0.000 
G30 2022  62          24805 GPS  -11.340 -11.340 -0.000 
G30 2022  62          24806 GPS  -11.348 -11.340 -0.000 
G30 2022  62          24807 GPS  -11.357 -11.340 -0.000 
G30 2022  62          24808 GPS  -11.373 -11.340 -0.000 
G30 2022  62          24809 GPS  -11.367 -11.340 -0.000 
G30 2022  62          24810 GPS  -11.370 -11.341 -0.000 
G30 2022  62          24811 GPS  -11.368 -11.341 -0.000 
G30 2022  62          24812 GPS  -11.365 -11.341 -0.000 
G30 2022  62          24813 GPS  -11.374 -11.341 -0.000 
G30 2022  62          24814 GPS  -11.384 -11.341 -0.000 
G30 2022  62          24815 GPS  -11.389 -11.341 -0.000 
G30 2022  62          24816 GPS  -11.373 -11.341 -0.000 
G30 2022  62          24817 GPS  -11.366 -11.341 -0.000 
G30 2022  62          24818 GPS  -11.370 -11.341 -0.000 
G30 2022  62          24819 GPS  -11.373 -11.342 -0.000 
G30 2022  62          24820 GPS  -11.379 -11.342 -0.000 
G30 2022  62          24821 GPS  -11.385 -11.342 -0.000 
G30 2022  62          24822 GPS  -11.390 -11.342 -0.000 
G30 2022  62          24823 GPS  -11.393 -11.342 -0.000 
G30 2022  62          24824 GPS  -11.401 -11.342 -0.000 
G30 2022  62          24825 GPS  -11.390 -11.342 -0.000 
G30 2022  62          24826 GPS  -11.382 -11.343 -0.000 
G30 2022  62          24827 GPS  -11.394 -11.343 -0.000 
G30 2022  62          24828 GPS  -11.408 -11.343 -0.000 
G30 2022  62          24829 GPS  -11.414 -11.343 -0.000 
G30 2022  62          24830 GPS  -11.409 -11.343 -0.000 
G30 2022  62          24831 GPS  -11.420 -11.344 -0.000 
G30 2022  62          24832 GPS  -11.424 -11.344 -0.000 
G30 2022  62          24833 GPS  -11.436 -11.344 -0.000 
G30 2022  62          24834 GPS  -11.439 -11.344 -0.000 
G30 2022  62          24835 GPS  -11.444 -11.345 -0.000 
G30 2022  62          24836 GPS  -11.454 -11.345 -0.000 
G30 2022  62          24837 GPS  -11.462 -11.346 -0.000 
G30 2022  62          24838 GPS  -11.467 -11.346 -0.000 
G30 2022  62          24839 GPS  -11.476 -11.346 -0.000 
G30 2022  62          24840 GPS  -11.474 -11.347 -0.000 
G30 2022  62          24841 GPS  -11.472 -11.347 -0.000 
G30 2022  62          24842 GPS  -11.476 -11.347 -0.000 
G30 2022  62          24843 GPS  -11.478 -11.348 -0.000 
G30 2022  62          24844 GPS  -11.478 -11.348 -0.000 
G30 2022  62          24845 GPS  -11.471 -11.349 -0.000 
G30 2022  62          24846 GPS  -11.477 -11.349 -0.000 
G30 2022  62          24847 GPS  -11.477 -11.349 -0.000 
G30 2022  62          24848 GPS  -11.473 -11.350 -0.000 
G30 2022  62          24849 GPS  -11.467 -11.350 -0.000 
G30 2022  62          24850 GPS  -11.468 -11.350 -0.000 
G30 2022  62          24851 GPS  -11.463 -11.351 -0.000 
G30 2022  62          24852 GPS  -11.452 -11.351 -0.000 
G30 2022  62          24853 GPS  -11.446 -11.351 -0.000 
G30 2022  62          24854 GPS  -11.436 -11.352 -0.000 
G30 2022  62          24855 GPS  -11.436 -11.352 -0.000 
G30 2022  62          24856 GPS  -11.436 -11.352 -0.000 
G30 2022  62          24857 GPS  -11.436 -11.352 -0.000 
G30 2022  62          24858 GPS  -11.433 -11.353 -0.000 
G30 2022  62          24859 GPS  -11.428 -11.353 -0.000 
G30 2022  62          24860 GPS  -11.422 -11.353 -0.000 
G30 2022  62          24861 GPS  -11.425 -11.353 -0.000 
G30 2022  62          24862 GPS  -11.428 -11.353 -0.000 
G30 2022  62          24863 GPS  -11.436 -11.354 -0.000 
G30 2022  62          24864 GPS  -11.434 -11.354 -0.000 
G30 2022  62          24865 GPS  -11.448 -11.354 -0.000 
G30 2022  62          24866 GPS  -11.456 -11.354 -0.000 
G30 2022  62          24867 GPS  -11.452 -11.355 -0.000 
G30 2022  62          24868 GPS  -11.451 -11.355 -0.000 
G30 2022  62          24869 GPS  -11.450 -11.355 -0.000 
G30 2022  62          24870 GPS  -11.462 -11.356 -0.000 
G30 2022  62          24871 GPS  -11.461 -11.356 -0.000 
G30 2022  62          24872 GPS  -11.452 -11.356 -0.000 
G30 2022  62          24873 GPS  -11.453 -11.356 -0.000 
G30 2022  62          24874 GPS  -11.461 -11.357 -0.000 
G30 2022  62          24875 GPS  -11.459 -11.357 -0.000 
G30 2022  62          24876 GPS  -11.470 -11.357 -0.000 
G30 2022  62          24877 GPS  -11.474 -11.358 -0.000 
G30 2022  62          24878 GPS  -11.481 -11.358 -0.000 
G30 2022  62          24879 GPS  -11.485 -11.358 -0.000 
G30 2022  62          24880 GPS  -11.482 -11.359 -0.000 
G30 2022  62          24881 GPS  -11.481 -11.359 -0.000 
G30 2022  62          24882 GPS  -11.485 -11.359 -0.000 
G30 2022  62          24883 GPS  -11.478 -11.360 -0.000 
G30 2022  62          24884 GPS  -11.474 -11.360 -0.000 
G30 2022  62          24885 GPS  -11.464 -11.360 -0.000 
G30 2022  62          24886 GPS  -11.464 -11.361 -0.000 
G30 2022  62          24887 GPS  -11.461 -11.361 -0.000 
G30 2022  62          24888 GPS  -11.454 -11.361 -0.000 
G30 2022  62          24889 GPS  -11.442 -11.361 -0.000 
G30 2022  62          24890 GPS  -11.432 -11.362 -0.000 
G30 2022  62          24891 GPS  -11.429 -11.362 -0.000 
G30 2022  62          24892 GPS  -11.426 -11.362 -0.000 
G30 2022  62          24893 GPS  -11.421 -11.362 -0.000 
G30 2022  62          24894 GPS  -11.413 -11.362 -0.000 
G30 2022  62          24895 GPS  -11.418 -11.362 -0.000 
G30 2022  62          24896 GPS  -11.411 -11.362 -0.000 
G30 2022  62          24897 GPS  -11.406 -11.363 -0.000 
G30 2022  62          24898 GPS  -11.405 -11.363 -0.000 
G30 2022  62          24899 GPS  -11.406 -11.363 -0.000 
G30 2022  62          24900 GPS  -11.401 -11.363 -0.000 
G30 2022  62          24901 GPS  -11.390 -11.363 -0.000 
G30 2022  62          24902 GPS  -11.377 -11.363 -0.000 
G30 2022  62          24903 GPS  -11.369 -11.363 -0.000 
G30 2022  62          24904 GPS  -11.365 -11.363 -0.000 
G30 2022  62          24905 GPS  -11.364 -11.363 -0.000 
G30 2022  62          24906 GPS  -11.371 -11.363 -0.000 
G30 2022  62          24907 GPS  -11.379 -11.363 -0.000 
G30 2022  62          24908 GPS  -11.390 -11.363 -0.000 
G30 2022  62          24909 GPS  -11.381 -11.363 -0.000 
G30 2022  62          24910 GPS  -11.371 -11.363 -0.000 
G30 2022  62          24911 GPS  -11.363 -11.363 -0.000 
G30 2022  62          24912 GPS  -11.358 -11.363 -0.000 
G30 2022  62          24913 GPS  -11.354 -11.363 -0.000 
G30 2022  62          24914 GPS  -11.356 -11.363 -0.000 
G30 2022  62          24915 GPS  -11.361 -11.363 -0.000 
G30 2022  62          24916 GPS  -11.354 -11.363 -0.000 
G30 2022  62          24917 GPS  -11.344 -11.363 -0.000 
G30 2022  62          24918 GPS  -11.342 -11.363 -0.000 
G30 2022  62          24919 GPS  -11.336 -11.363 -0.000 
G30 2022  62          24920 GPS  -11.330 -11.363 -0.000 
G30 2022  62          24921 GPS  -11.321 -11.363 -0.000 
G30 2022  62          24922 GPS  -11.315 -11.363 -0.000 
G30 2022  62          24923 GPS  -11.327 -11.363 -0.000 
G30 2022  62          24924 GPS  -11.330 -11.362 -0.000 
G30 2022  62          24925 GPS  -11.334 -11.362 -0.000 
G30 2022  62          24926 GPS  -11.340 -11.362 -0.000 
G30 2022  62          24927 GPS  -11.350 -11.362 -0.000 
G30 2022  62          24928 GPS  -11.356 -11.362 -0.000 
G30 2022  62          24929 GPS  -11.354 -11.362 -0.000 
G30 2022  62          24930 GPS  -11.357 -11.362 -0.000 
G30 2022  62          24931 GPS  -11.360 -11.362 -0.000 
G30 2022  62          24932 GPS  -11.366 -11.362 -0.000 
G30 2022  62          24933 GPS  -11.371 -11.362 -0.000 
G30 2022  62          24934 GPS  -11.369 -11.362 -0.000 
G30 2022  62          24935 GPS  -11.363 -11.362 -0.000 
G30 2022  62          24936 GPS  -11.370 -11.362 -0.000 
G30 2022  62          24937 GPS  -11.369 -11.362 -0.000 
G30 2022  62          24938 GPS  -11.363 -11.362 -0.000 
G30 2022  62          24939 GPS  -11.356 -11.362 -0.000 
G30 2022  62          24940 GPS  -11.348 -11.362 -0.000 
G30 2022  62          24941 GPS  -11.338 -11.362 -0.000 
G30 2022  62          24942 GPS  -11.341 -11.362 -0.000 
G30 2022  62          24943 GPS  -11.342 -11.362 -0.000 
G30 2022  62          24944 GPS  -11.341 -11.362 -0.000 
G30 2022  62          24945 GPS  -11.336 -11.362 -0.000 
G30 2022  62          24946 GPS  -11.335 -11.362 -0.000 
G30 2022  62          24947 GPS  -11.333 -11.362 -0.000 
G30 2022  62          24948 GPS  -11.344 -11.362 -0.000 
G30 2022  62          24949 GPS  -11.341 -11.362 -0.000 
G30 2022  62          24950 GPS  -11.344 -11.362 -0.000 
G30 2022  62          24951 GPS  -11.338 -11.362 -0.000 
G30 2022  62          24952 GPS  -11.336 -11.362 -0.000 
G30 2022  62          24953 GPS  -11.331 -11.362 -0.000 
G30 2022  62          24954 GPS  -11.332 -11.362 -0.000 
G30 2022  62          24955 GPS  -11.325 -11.361 -0.000 
G30 2022  62          24956 GPS  -11.324 -11.361 -0.000 
G30 2022  62          24957 GPS  -11.318 -11.361 -0.000 
G30 2022  62          24958 GPS  -11.318 -11.361 -0.000 
G30 2022  62          24959 GPS  -11.324 -11.361 -0.000 
G30 2022  62          24960 GPS  -11.326 -11.361 -0.000 
G30 2022  62          24961 GPS  -11.330 -11.361 -0.000 
G30 2022  62          24962 GPS  -11.339 -11.361 -0.000 
G30 2022  62          24963 GPS  -11.351 -11.361 -0.000 
G30 2022  62          24964 GPS  -11.351 -11.361 -0.000 
G30 2022  62          24965 GPS  -11.364 -11.361 -0.000 
G30 2022  62          24966 GPS  -11.365 -11.361 -0.000 
G30 2022  62          24967 GPS  -11.361 -11.361 -0.000 
G30 2022  62          24968 GPS  -11.355 -11.361 -0.000 
G30 2022  62          24969 GPS  -11.345 -11.361 -0.000 
G30 2022  62          24970 GPS  -11.330 -11.361 -0.000 
G30 2022  62          24971 GPS  -11.308 -11.361 -0.000 
G30 2022  62          24972 GPS  -11.292 -11.360 -0.000 
G30 2022  62          24973 GPS  -11.294 -11.360 -0.000 
G30 2022  62          24974 GPS  -11.282 -11.360 -0.000 
G30 2022  62          24975 GPS  -11.281 -11.360 -0.000 
G30 2022  62          24976 GPS  -11.285 -11.360 -0.000 
G30 2022  62          24977 GPS  -11.281 -11.360 -0.000 
G30 2022  62          24978 GPS  -11.281 -11.359 -0.000 
G30 2022  62          24979 GPS  -11.272 -11.359 -0.000 
G30 2022  62          24980 GPS  -11.278 -11.359 -0.000 
G30 2022  62          24981 GPS  -11.266 -11.359 -0.000 
G30 2022  62          24982 GPS  -11.265 -11.359 -0.000 
G30 2022  62          24983 GPS  -11.273 -11.359 -0.000 
G30 2022  62          24984 GPS  -11.282 -11.358 -0.000 
G30 2022  62          24985 GPS  -11.284 -11.358 -0.000 
G30 2022  62          24986 GPS  -11.283 -11.358 -0.000 
G30 2022  62          24987 GPS  -11.285 -11.358 -0.000 
G30 2022  62          24988 GPS  -11.284 -11.358 -0.000 
G30 2022  62          24989 GPS  -11.272 -11.358 -0.000 
G30 2022  62          24990 GPS  -11.264 -11.357 -0.000 
G30 2022  62          24991 GPS  -11.271 -11.357 -0.000 
G30 2022  62          24992 GPS  -11.276 -11.357 -0.000 
G30 2022  62          24993 GPS  -11.286 -11.357 -0.000 
G30 2022  62          24994 GPS  -11.285 -11.357 -0.000 
G30 2022  62          24995 GPS  -11.284 -11.357 -0.000 
G30 2022  62          24996 GPS  -11.279 -11.356 -0.000 
G30 2022  62          24997 GPS  -11.273 -11.356 -0.000 
G30 2022  62          24998 GPS  -11.288 -11.356 -0.000 
G30 2022  62          24999 GPS  -11.285 -11.356 -0.000 
G30 2022  62          25000 GPS  -11.282 -11.356 -0.000 
G30 2022  62          25001 GPS  -11.279 -11.356 -0.000 
G30 2022  62          25002 GPS  -11.275 -11.355 -0.000 
G30 2022  62          25003 GPS  -11.276 -11.355 -0.000 
G30 2022  62          25004 GPS  -11.280 -11.355 -0.000 
G30 2022  62          25005 GPS  -11.281 -11.355 -0.000 
G30 2022  62          25006 GPS  -11.286 -11.355 -0.000 
G30 2022  62          25007 GPS  -11.297 -11.355 -0.000 
G30 2022  62          25008 GPS  -11.299 -11.355 -0.000 
G30 2022  62          25009 GPS  -11.297 -11.354 -0.000 
G30 2022  62          25010 GPS  -11.302 -11.354 -0.000 
G30 2022  62          25011 GPS  -11.298 -11.354 -0.000 
G30 2022  62          25012 GPS  -11.292 -11.354 -0.000 
G30 2022  62          25013 GPS  -11.300 -11.354 -0.000 
G30 2022  62          25014 GPS  -11.299 -11.354 -0.000 
G30 2022  62          25015 GPS  -11.305 -11.354 -0.000 
G30 2022  62          25016 GPS  -11.311 -11.354 -0.000 
G30 2022  62          25017 GPS  -11.319 -11.354 -0.000 
G30 2022  62          25018 GPS  -11.330 -11.354 -0.000 
G30 2022  62          25019 GPS  -11.328 -11.354 -0.000 
G30 2022  62          25020 GPS  -11.314 -11.353 -0.000 
G30 2022  62          25021 GPS  -11.317 -11.353 -0.000 
G30 2022  62          25022 GPS  -11.311 -11.353 -0.000 
G30 2022  62          25023 GPS  -11.306 -11.353 -0.000 
G30 2022  62          25024 GPS  -11.303 -11.353 -0.000 
G30 2022  62          25025 GPS  -11.289 -11.353 -0.000 
G30 2022  62          25026 GPS  -11.284 -11.353 -0.000 
G30 2022  62          25027 GPS  -11.283 -11.353 -0.000 
G30 2022  62          25028 GPS  -11.284 -11.353 -0.000 
G30 2022  62          25029 GPS  -11.285 -11.352 -0.000 
G30 2022  62          25030 GPS  -11.277 -11.352 -0.000 
G30 2022  62          25031 GPS  -11.278 -11.352 -0.000 
G30 2022  62          25032 GPS  -11.275 -11.352 -0.000 
G30 2022  62          25033 GPS  -11.281 -11.352 -0.000 
G30 2022  62          25034 GPS  -11.280 -11.352 -0.000 
G30 2022  62          25035 GPS  -11.282 -11.352 -0.000 
G30 2022  62          25036 GPS  -11.279 -11.351 -0.000 
G30 2022  62          25037 GPS  -11.273 -11.351 -0.000 
G30 2022  62          25038 GPS  -11.264 -11.351 -0.000 
G30 2022  62          25039 GPS  -11.252 -11.351 -0.000 
G30 2022  62          25040 GPS  -11.250 -11.351 -0.000 
G30 2022  62          25041 GPS  -11.241 -11.351 -0.000 
G30 2022  62          25042 GPS  -11.242 -11.350 -0.000 
G30 2022  62          25043 GPS  -11.245 -11.350 -0.000 
G30 2022  62          25044 GPS  -11.237 -11.350 -0.000 
G30 2022  62          25045 GPS  -11.233 -11.350 -0.000 
G30 2022  62          25046 GPS  -11.234 -11.350 -0.000 
G30 2022  62          25047 GPS  -11.235 -11.349 -0.000 
G30 2022  62          25048 GPS  -11.242 -11.349 -0.000 
G30 2022  62          25049 GPS  -11.245 -11.349 -0.000 
G30 2022  62          25050 GPS  -11.237 -11.349 -0.000 
G30 2022  62          25051 GPS  -11.226 -11.348 -0.000 
G30 2022  62          25052 GPS  -11.227 -11.348 -0.000 
G30 2022  62          25053 GPS  -11.226 -11.348 -0.000 
G30 2022  62          25054 GPS  -11.239 -11.348 -0.000 
G30 2022  62          25055 GPS  -11.238 -11.348 -0.000 
G30 2022  62          25056 GPS  -11.237 -11.347 -0.000 
G30 2022  62          25057 GPS  -11.242 -11.347 -0.000 
G30 2022  62          25058 GPS  -11.249 -11.347 -0.000 
G30 2022  62          25059 GPS  -11.246 -11.347 -0.000 
G30 2022  62          25060 GPS  -11.243 -11.347 -0.000 
G30 2022  62          25061 GPS  -11.243 -11.346 -0.000 
G30 2022  62          25062 GPS  -11.246 -11.346 -0.000 
G30 2022  62          25063 GPS  -11.251 -11.346 -0.000 
G30 2022  62          25064 GPS  -11.251 -11.346 -0.000 
G30 2022  62          25065 GPS  -11.261 -11.346 -0.000 
G30 2022  62          25066 GPS  -11.265 -11.346 -0.000 
G30 2022  62          25067 GPS  -11.263 -11.345 -0.000 
G30 2022  62          25068 GPS  -11.275 -11.345 -0.000 
G30 2022  62          25069 GPS  -11.273 -11.345 -0.000 
G30 2022  62          25070 GPS  -11.273 -11.345 -0.000 
G30 2022  62          25071 GPS  -11.271 -11.345 -0.000 
G30 2022  62          25072 GPS  -11.270 -11.345 -0.000 
G30 2022  62          25073 GPS  -11.278 -11.345 -0.000 
G30 2022  62          25074 GPS  -11.278 -11.345 -0.000 
G30 2022  62          25075 GPS  -11.279 -11.344 -0.000 
G30 2022  62          25076 GPS  -11.287 -11.344 -0.000 
G30 2022  62          25077 GPS  -11.293 -11.344 -0.000 
G30 2022  62          25078 GPS  -11.301 -11.344 -0.000 
G30 2022  62          25079 GPS  -11.311 -11.344 -0.000 
G30 2022  62          25080 GPS  -11.307 -11.344 -0.000 
G30 2022  62          25081 GPS  -11.313 -11.344 -0.000 
G30 2022  62          25082 GPS  -11.312 -11.344 -0.000 
G30 2022  62          25083 GPS  -11.318 -11.344 -0.000 
G30 2022  62          25084 GPS  -11.326 -11.344 -0.000 
G30 2022  62          25085 GPS  -11.320 -11.344 -0.000 
G30 2022  62          25086 GPS  -11.332 -11.344 -0.000 
G30 2022  62          25087 GPS  -11.335 -11.344 -0.000 
G30 2022  62          25088 GPS  -11.335 -11.344 -0.000 
G30 2022  62          25089 GPS  -11.343 -11.344 -0.000 
G30 2022  62          25090 GPS  -11.346 -11.344 -0.000 
G30 2022  62          25091 GPS  -11.352 -11.344 -0.000 
G30 2022  62          25092 GPS  -11.361 -11.344 -0.000 
G30 2022  62          25093 GPS  -11.361 -11.344 -0.000 
G30 2022  62          25094 GPS  -11.366 -11.344 -0.000 
G30 2022  62          25095 GPS  -11.379 -11.344 -0.000 
G30 2022  62          25096 GPS  -11.379 -11.344 -0.000 
G30 2022  62          25097 GPS  -11.391 -11.344 -0.000 
G30 2022  62          25098 GPS  -11.391 -11.344 -0.000 
G30 2022  62          25099 GPS  -11.396 -11.344 -0.000 
G30 2022  62          25100 GPS  -11.401 -11.344 -0.000 
G30 2022  62          25101 GPS  -11.401 -11.344 -0.000 
G30 2022  62          25102 GPS  -11.393 -11.345 -0.000 
G30 2022  62          25103 GPS  -11.387 -11.345 -0.000 
G30 2022  62          25104 GPS  -11.385 -11.345 -0.000 
G30 2022  62          25105 GPS  -11.385 -11.345 -0.000 
G30 2022  62          25106 GPS  -11.391 -11.345 -0.000 
G30 2022  62          25107 GPS  -11.404 -11.345 -0.000 
G30 2022  62          25108 GPS  -11.416 -11.345 -0.000 
G30 2022  62          25109 GPS  -11.424 -11.345 -0.000 
G30 2022  62          25110 GPS  -11.409 -11.345 -0.000 
G30 2022  62          25111 GPS  -11.408 -11.345 -0.000 
G30 2022  62          25112 GPS  -11.405 -11.346 -0.000 
G30 2022  62          25113 GPS  -11.408 -11.346 -0.000 
G30 2022  62          25114 GPS  -11.423 -11.346 -0.000 
G30 2022  62          25115 GPS  -11.420 -11.346 -0.000 
G30 2022  62          25116 GPS  -11.425 -11.346 -0.000 
G30 2022  62          25117 GPS  -11.438 -11.346 -0.000 
G30 2022  62          25118 GPS  -11.439 -11.346 -0.000 
G30 2022  62          25119 GPS  -11.438 -11.346 -0.000 
G30 2022  62          25120 GPS  -11.431 -11.347 -0.000 
G30 2022  62          25121 GPS  -11.421 -11.347 -0.000 
G30 2022  62          25122 GPS  -11.421 -11.347 -0.000 
G30 2022  62          25123 GPS  -11.428 -11.347 -0.000 
G30 2022  62          25124 GPS  -11.429 -11.347 -0.000 
G30 2022  62          25125 GPS  -11.428 -11.347 -0.000 
G30 2022  62          25126 GPS  -11.427 -11.347 -0.000 
G30 2022  62          25127 GPS  -11.432 -11.348 -0.000 
G30 2022  62          25128 GPS  -11.435 -11.348 -0.000 
G30 2022  62          25129 GPS  -11.432 -11.348 -0.000 
G30 2022  62          25130 GPS  -11.419 -11.348 -0.000 
G30 2022  62          25131 GPS  -11.414 -11.348 -0.000 
G30 2022  62          25132 GPS  -11.414 -11.348 -0.000 
G30 2022  62          25133 GPS  -11.406 -11.348 -0.000 
G30 2022  62          25134 GPS  -11.406 -11.348 -0.000 
G30 2022  62          25135 GPS  -11.410 -11.348 -0.000 
G30 2022  62          25136 GPS  -11.404 -11.348 -0.000 
G30 2022  62          25137 GPS  -11.404 -11.349 -0.000 
G30 2022  62          25138 GPS  -11.404 -11.349 -0.000 
G30 2022  62          25139 GPS  -11.400 -11.349 -0.000 
G30 2022  62          25140 GPS  -11.390 -11.349 -0.000 
G30 2022  62          25141 GPS  -11.389 -11.349 -0.000 
G30 2022  62          25142 GPS  -11.387 -11.349 -0.000 
G30 2022  62          25143 GPS  -11.384 -11.349 -0.000 
G30 2022  62          25144 GPS  -11.383 -11.349 -0.000 
G30 2022  62          25145 GPS  -11.391 -11.349 -0.000 
G30 2022  62          25146 GPS  -11.396 -11.349 -0.000 
G30 2022  62          25147 GPS  -11.394 -11.349 -0.000 
G30 2022  62          25148 GPS  -11.384 -11.349 -0.000 
G30 2022  62          25149 GPS  -11.379 -11.349 -0.000 
G30 2022  62          25150 GPS  -11.377 -11.349 -0.000 
G30 2022  62          25151 GPS  -11.374 -11.349 -0.000 
G30 2022  62          25152 GPS  -11.374 -11.349 -0.000 
G30 2022  62          25153 GPS  -11.364 -11.350 -0.000 
G30 2022  62          25154 GPS  -11.356 -11.350 -0.000 
G30 2022  62          25155 GPS  -11.349 -11.350 -0.000 
G30 2022  62          25156 GPS  -11.345 -11.350 -0.000 
G30 2022  62          25157 GPS  -11.345 -11.350 -0.000 
G30 2022  62          25158 GPS  -11.348 -11.350 -0.000 
G30 2022  62          25159 GPS  -11.348 -11.350 -0.000 
G30 2022  62          25160 GPS  -11.354 -11.350 -0.000 
G30 2022  62          25161 GPS  -11.355 -11.350 -0.000 
G30 2022  62          25162 GPS  -11.355 -11.350 -0.000 
G30 2022  62          25163 GPS  -11.359 -11.350 -0.000 
G30 2022  62          25164 GPS  -11.359 -11.350 -0.000 
G30 2022  62          25165 GPS  -11.356 -11.350 -0.000 
G30 2022  62          25166 GPS  -11.357 -11.350 -0.000 
G30 2022  62          25167 GPS  -11.344 -11.350 -0.000 
G30 2022  62          25168 GPS  -11.340 -11.350 -0.000 
G30 2022  62          25169 GPS  -11.347 -11.350 -0.000 
G30 2022  62          25170 GPS  -11.344 -11.350 -0.000 
G30 2022  62          25171 GPS  -11.342 -11.350 -0.000 
G30 2022  62          25172 GPS  -11.342 -11.350 -0.000 
G30 2022  62          25173 GPS  -11.340 -11.350 -0.000 
G30 2022  62          25174 GPS  -11.338 -11.349 -0.000 
G30 2022  62          25175 GPS  -11.343 -11.349 -0.000 
G30 2022  62          25176 GPS  -11.353 -11.349 -0.000 
G30 2022  62          25177 GPS  -11.358 -11.350 -0.000 
G30 2022  62          25178 GPS  -11.357 -11.350 -0.000 
G30 2022  62          25179 GPS  -11.355 -11.350 -0.000 
G30 2022  62          25180 GPS  -11.346 -11.350 -0.000 
G30 2022  62          25181 GPS  -11.353 -11.350 -0.000 
G30 2022  62          25182 GPS  -11.351 -11.350 -0.000 
G30 2022  62          25183 GPS  -11.362 -11.350 -0.000 
G30 2022  62          25184 GPS  -11.367 -11.350 -0.000 
G30 2022  62          25185 GPS  -11.372 -11.350 -0.000 
G30 2022  62          25186 GPS  -11.374 -11.350 -0.000 
G30 2022  62          25187 GPS  -11.371 -11.350 -0.000 
G30 2022  62          25188 GPS  -11.366 -11.350 -0.000 
G30 2022  62          25189 GPS  -11.371 -11.350 -0.000 
G30 2022  62          25190 GPS  -11.363 -11.350 -0.000 
G30 2022  62          25191 GPS  -11.367 -11.350 -0.000 
G30 2022  62          25192 GPS  -11.368 -11.350 -0.000 
G30 2022  62          25193 GPS  -11.377 -11.350 -0.000 
G30 2022  62          25194 GPS  -11.383 -11.350 -0.000 
G30 2022  62          25195 GPS  -11.387 -11.350 -0.000 
G30 2022  62          25196 GPS  -11.387 -11.350 -0.000 
G30 2022  62          25197 GPS  -11.390 -11.350 -0.000 
G30 2022  62          25198 GPS  -11.400 -11.350 -0.000 
G30 2022  62          25199 GPS  -11.402 -11.350 -0.000 
G30 2022  62          25200 GPS  -11.410 -11.350 -0.000 
